0.1099
0.9437
0.0512
0.4283
0.6957
0.9172
0.1094
0.3537
0.4958
0.8607
0.6643
0.387
0.0073
0.6947
0.7373
0.0468
0.1709
0.7081
0.9072
0.4198
0.9049
0.359
0.0274
0.7671
0.4035
0.3604
0.3578
0.1947
0.8504
0.0631
0.1999
0.4655
0.5157
0.8632
0.9347
0.3509
0.7112
0.24
0.8672
0.3794
0.6079
0.8312
0.1295
0.4905
0.1449
0.4454
0.2592
0.691
0.7293
0.1373
0.3411
0.0789
0.9823
0.3673
0.6564
0.3353
0.955
0.3676
0.8758
0.8122
0.0289
0.9208
0.0934
0.0875
0.6538
0.2426
0.102
0.8078
0.979
0.4066
0.8345
0.6367
0.5274
0.3135
0.0972
0.3833
0.6189
0.6507
0.0504
0.7049
0.7872
0.1014
0.9077
0.4416
0.9039
0.3851
0.5725
0.4209
0.9852
0.6848
0.6113
0.9417
0.6568
0.2267
0.4744
0.7202
0.1168
0.3964
0.2474
0.2098
0.4475
0.3115
0.1954
0.6438
0.942
0.1679
0.2718
0.3983
0.8497
0.153
0.2874
0.8953
0.8063
0.7297
0.9817
0.2297
0.6057
0.165
0.3837
0.4038
0.0547
0.2585
0.7842
0.1586
0.7775
0.5743
0.3612
0.8549
0.954
0.8871
0.3333
0.0248
0.0148
0.2324
0.2778
0.2869
0.0156
0.5621
0.6676
0.8828
0.9935
0.4862
0.2906
0.5824
0.811
0.483
0.363
0.6667
0.8799
0.3127
0.1254
0.2126
0.8539
0.5774
0.8389
0.7904
0.9888
0.0949
0.2271
0.6965
0.7444
0.8956
0.5214
0.5914
0.1445
0.9494
0.8324
0.5703
0.5983
0.7352
0.6793
0.245
0.8004
0.5746
0.401
0.0919
0.6224
0.9701
0.8806
0.6898
0.218
0.4798
0.578
0.3045
0.5857
0.2978
0.498
0.7512
0.2755
0.5725
0.0559
0.5906
0.0842
0.552
0.4117
0.94
0.2952
0.7093
0.1351
0.8058
0.0804
0.9879
0.3039
0.8022
0.5341
0.198
0.6018
0.8107
0.5715
0.9376
0.326
0.0486
0.6312
0.4105
0.8775
0.0087
0.3648
0.1464
0.0931
0.2278
0.8508
0.6862
0.3318
0.9868
0.3782
0.9181
0.8411
0.3423
0.3422
0.612
0.9086
0.4497
0.0745
0.1196
0.3484
0.7931
0.4511
0.2415
0.0954
0.2707
0.5556
0.8621
0.4704
0.1822
0.2499
0.3268
0.5405
0.4117
0.503
0.5912
0.9538
0.0708
0.2116
0.0878
0.2959
0.3704
0.2398
0.1874
0.1143
0.6009
0.5188
0.9961
0.7465
0.7608
0.6985
0.7681
0.1821
0.2755
0.8811
0.9249
0.2565
0.0921
0.5317
0.864
0.2012
0.4658
0.3793
0.0479
0.6236
0.0302
0.2758
0.2196
0.7344
0.0603
0.494
0.6772
0.1948
0.1106
0.2757
0.1661
0.8601
0.371
0.4896
0.5802
0.5304
0.8735
0.6472
0.6904
0.7082
0.9341
0.1851
0.4031
0.2971
0.0735
0.6255
0.6884
0.359
0.6408
0.496
0.0542
0.9778
0.1725
0.4486
0.4255
0.9414
0.8492
0.4411
0.7209
0.5024
0.7903
0.8677
0.932
0.5865
0.2339
0.7079
0.2528
0.2079
0.2709
0.0553
0.3406
0.1315
0.8842
0.4404
0.9532
0.5453
0.8718
0.6932
0.3813
0.2048
0.5814
0.7559
0.0044
0.4339
0.3484
0.8751
0.5073
0.8591
0.796
0.7311
0.5649
0.4789
0.9816
0.6087
0.8515
0.3441
0.9859
0.9735
0.4742
0.1696
0.907
0.5404
0.1811
0.8402
0.8627
0.6522
0.9568
0.9494
0.588
0.1653
0.5731
0.6944
0.8695
0.2403
0.5557
0.9662
0.0326
0.1009
0.7339
0.2118
0.9054
0.822
0.496
0.0805
0.1053
0.1007
0.5936
0.2381
0.8134
0.3155
0.4163
0.0672
0.3998
0.1512
0.7335
0.8333
0.9559
0.5431
0.9205
0.0135
0.0686
0.7525
0.4474
0.2657
0.009
0.9456
0.151
0.4843
0.6592
0.295
0.0567
0.2235
0.069
0.9372
0.6872
0.7033
0.9889
0.7734
0.0291
0.4453
0.82
0.5683
0.3721
0.5058
0.1308
0.1848
0.1084
0.97
0.4341
0.5738
0.4921
0.1954
0.4932
0.9887
0.9855
0.0068
0.8481
0.5062
0.457
0.0858
0.8405
0.6604
0.708
0.2302
0.6089
0.0527
0.1994
0.3421
0.3731
0.5278
0.4137
0.5091
0.8527
0.981
0.1505
0.8295
0.6247
0.8595
0.1654
0.5365
0.2728
0.5395
0.9018
0.4524
0.9206
0.1305
0.3242
0.8265
0.8908
0.8952
0.5374
0.8776
0.7579
0.4411
0.668
0.0336
0.9067
0.5647
0.4274
0.0087
0.6021
0.9914
0.3406
0.6847
0.5412
0.3694
0.337
0.6974
0.2401
0.5332
0.283
0.6943
0.1834
0.4883
0.6364
0.7628
0.1367
0.8025
0.1533
0.3851
0.5064
0.6121
0.0572
0.8131
0.2503
0.3699
0.7107
0.0094
0.4204
0.1202
0.9154
0.8981
0.3597
0.3087
0.4227
0.2212
0.8403
0.2847
0.4698
0.7589
0.5194
0.0077
0.5377
0.4297
0.0379
0.2701
0.2463
0.3459
0.0037
0.1147
0.9643
0.9637
0.9132
0.5599
0.8415
0.8483
0.4613
0.1627
0.7504
0.3983
0.4019
0.7201
0.3699
0.9699
0.4245
0.4202
0.6039
0.3391
0.8758
0.7268
0.2087
0.4098
0.3378
0.4963
0.4982
0.5512
0.9357
0.4253
0.0271
0.6131
0.5535
0.3728
0.5862
0.0201
0.3175
0.3827
0.8931
0.7544
0.0167
0.7091
0.576
0.4228
0.8441
0.95
0.9323
0.551
0.8826
0.5717
0.2049
0.9568
0.469
0.7679
0.219
0.0114
0.6772
0.8696
0.8102
0.7005
0.7948
0.433
0.6123
0.321
0.3459
0.0384
0.0876
0.0411
0.4089
0.0756
0.5849
0.987
0.228
0.2517
0.7033
0.5524
0.9751
0.3913
0.1319
0.7891
0.134
0.3979
0.4811
0.8582
0.572
0.0631
0.2978
0.0892
0.8735
0.3913
0.8659
0.4166
0.3269
0.9341
0.9616
0.401
0.9523
0.0576
0.0955
0.1263
0.5856
0.0293
0.8879
0.8452
0.5583
0.1064
0.2217
0.1452
0.6814
0.6943
0.734
0.7429
0.8874
0.8314
0.4603
0.1984
0.1116
0.9192
0.714
0.6675
0.5663
0.7285
0.7173
0.2127
0.6493
0.7897
0.2844
0.4326
0.154
0.2198
0.9088
0.9805
0.0236
0.0435
0.11
0.7745
0.1992
0.2308
0.0282
0.9226
0.8621
0.3897
0.2043
0.3573
0.1121
0.7237
0.2263
0.7784
0.6759
0.9631
0.6041
0.1007
0.0026
0.6886
0.6218
0.0724
0.0324
0.9442
0.0191
0.4505
0.7623
0.2383
0.2036
0.8897
0.1658
0.6389
0.9443
0.5888
0.5925
0.0599
0.3612
0.7971
0.6589
0.2204
0.3016
0.9284
0.0075
0.0007
0.0309
0.8327
0.0331
0.3523
0.2721
0.7551
0.7869
0.8181
0.017
0.042
0.092
0.2654
0.7593
0.7029
0.3457
0.9278
0.0522
0.9893
0.9171
0.8877
0.7283
0.0345
0.7857
0.0442
0.4972
0.6537
0.7123
0.5033
0.4003
0.2639
0.2444
0.9348
0.4614
0.1256
0.7473
0.4512
0.8319
0.5925
0.1898
0.335
0.0664
0.6113
0.5412
0.9478
0.773
0.6976
0.6068
0.085
0.9817
0.3038
0.5496
0.4858
0.1316
0.3263
0.1218
0.2269
0.4487
0.1911
0.631
0.9161
0.7075
0.3548
0.211
0.1081
0.5779
0.6273
0.3588
0.9259
0.665
0.7803
0.5992
0.6757
0.0045
0.8958
0.6854
0.9604
0.9907
0.8242
0.9365
0.7982
0.1655
0.8492
0.1234
0.0055
0.7656
0.7755
0.0456
0.0917
0.4416
0.0579
0.0435
0.4163
0.4811
0.0631
0.8396
0.0371
0.0808
0.6001
0.2367
0.6137
0.1816
0.2807
0.8539
0.4469
0.5491
0.5712
0.5454
0.1881
0.2908
0.2592
0.3302
0.8872
0.7994
0.9057
0.6152
0.2226
0.6231
0.5329
0.562
0.2029
0.1801
0.9244
0.3174
0.2748
0.6339
0.68
0.0821
0.2456
0.3804
0.63
0.6587
0.4588
0.7401
0.1949
0.5287
0.5002
0.5122
0.7816
0.7761
0.6346
0.3707
0.4073
0.905
0.7556
0.1813
0.4938
0.9507
0.0804
0.5941
0.9487
0.4451
0.2997
0.328
0.1598
0.7867
0.0961
0.5633
0.0387
0.1411
0.8469
0.4304
0.6351
0.7469
0.7054
0.3067
0.3752
0.6546
0.3042
0.3222
0.8665
0.2828
0.401
0.8876
0.586
0.9511
0.8468
0.8188
0.0012
0.8503
0.9832
0.2907
0.9169
0.9914
0.9946
0.8675
0.8607
0.415
0.8893
0.2762
0.9337
0.7534
0.1319
0.9111
0.2868
0.8018
0.7205
0.4034
0.5169
0.7538
0.9596
0.5575
0.6
0.0577
0.6132
0.4993
0.7791
0.3917
0.6886
0.623
0.4948
0.657
0.5635
0.2301
0.3936
0.5168
0.8665
0.1777
0.7794
0.7327
0.8857
0.4206
0.6115
0.5212
0.0027
0.311
0.1906
0.6629
0.6654
0.6558
0.2673
0.6284
0.9498
0.0541
0.8383
0.1527
0.6062
0.0142
0.4658
0.9066
0.0246
0.4539
0.8372
0.5679
0.097
0.3502
0.7115
0.925
0.8338
0.6627
0.3894
0.7163
0.8672
0.5185
0.902
0.6079
0.5619
0.2321
0.3985
0.0452
0.7607
0.5567
0.2059
0.3993
0.4212
0.8463
0.4452
0.744
0.2562
0.8822
0.7749
0.0478
0.0833
0.467
0.9631
0.9281
0.549
0.5004
0.3031
0.8894
0.8179
0.6043
0.391
0.6219
0.9309
0.1425
0.9797
0.6719
0.0831
0.8231
0.3899
0.5538
0.2793
0.1075
0.5246
0.5243
