1.01011e+07
1.01012e+07
1.01013e+07
1.01014e+07
1.01015e+07
1.01015e+07
1.01016e+07
1.01017e+07
1.01017e+07
1.01018e+07
1.01018e+07
1.01019e+07
1.01019e+07
1.01019e+07
1.01019e+07
1.0102e+07
1.0102e+07
1.0102e+07
1.0102e+07
1.0102e+07
1.0102e+07
1.0102e+07
1.01019e+07
1.01019e+07
1.01019e+07
1.01018e+07
1.01018e+07
1.01017e+07
1.01017e+07
1.01016e+07
1.01015e+07
1.01015e+07
1.01014e+07
1.01013e+07
1.01012e+07
1.01011e+07
1.01009e+07
1.01008e+07
1.01007e+07
1.01005e+07
1.01004e+07
1.01002e+07
1.01e+07
1.00998e+07
1.00996e+07
1.00994e+07
1.00992e+07
1.00989e+07
1.00987e+07
1.00984e+07
1.00981e+07
1.00978e+07
1.00975e+07
1.00972e+07
1.00964e+07
1.00965e+07
1.00966e+07
1.00966e+07
1.00967e+07
1.00968e+07
1.00968e+07
1.00969e+07
1.00969e+07
1.0097e+07
1.0097e+07
1.0097e+07
1.0097e+07
1.0097e+07
1.0097e+07
1.0097e+07
1.0097e+07
1.0097e+07
1.0097e+07
1.00969e+07
1.00969e+07
1.00968e+07
1.00968e+07
1.00967e+07
1.00966e+07
1.00966e+07
1.00965e+07
1.00964e+07
1.00963e+07
1.00962e+07
1.0096e+07
1.00959e+07
1.00958e+07
1.00956e+07
1.00954e+07
1.00953e+07
1.00951e+07
1.00949e+07
1.00947e+07
1.00945e+07
1.00943e+07
1.0094e+07
1.00938e+07
1.00935e+07
1.00933e+07
1.0093e+07
1.00927e+07
1.00924e+07
1.00921e+07
1.00917e+07
1.00914e+07
1.0091e+07
1.00906e+07
1.00902e+07
1.00898e+07
1.00894e+07
1.0089e+07
1.00885e+07
1.0088e+07
1.00875e+07
1.0087e+07
1.00865e+07
1.00859e+07
1.00854e+07
1.00848e+07
1.00842e+07
1.00835e+07
1.00823e+07
1.00824e+07
1.00825e+07
1.00825e+07
1.00826e+07
1.00827e+07
1.00827e+07
1.00827e+07
1.00827e+07
1.00827e+07
1.00827e+07
1.00827e+07
1.00827e+07
1.00827e+07
1.00826e+07
1.00826e+07
1.00825e+07
1.00825e+07
1.00824e+07
1.00823e+07
1.00822e+07
1.00821e+07
1.0082e+07
1.00818e+07
1.00817e+07
1.00815e+07
1.00814e+07
1.00812e+07
1.0081e+07
1.00808e+07
1.00806e+07
1.00804e+07
1.00801e+07
1.00799e+07
1.00796e+07
1.00794e+07
1.00791e+07
1.00788e+07
1.00785e+07
1.00782e+07
1.00778e+07
1.00775e+07
1.00771e+07
1.00767e+07
1.00763e+07
1.00759e+07
1.00755e+07
1.00751e+07
1.00746e+07
1.00742e+07
1.00737e+07
1.00732e+07
1.00727e+07
1.00721e+07
1.00716e+07
1.0071e+07
1.00704e+07
1.00698e+07
1.00692e+07
1.00685e+07
1.00678e+07
1.00672e+07
1.00664e+07
1.00657e+07
1.0065e+07
1.00642e+07
1.00634e+07
1.00625e+07
1.00617e+07
1.00608e+07
1.00599e+07
1.0059e+07
1.0058e+07
1.0057e+07
1.0056e+07
1.0055e+07
1.00539e+07
1.00528e+07
1.00517e+07
1.00965e+07
1.00966e+07
1.00967e+07
1.00967e+07
1.00968e+07
1.00969e+07
1.00969e+07
1.0097e+07
1.0097e+07
1.0097e+07
1.00971e+07
1.00971e+07
1.00971e+07
1.00971e+07
1.00971e+07
1.00971e+07
1.00971e+07
1.0097e+07
1.0097e+07
1.0097e+07
1.00969e+07
1.00969e+07
1.00968e+07
1.00967e+07
1.00966e+07
1.00966e+07
1.00965e+07
1.00964e+07
1.00962e+07
1.00961e+07
1.0096e+07
1.00959e+07
1.00957e+07
1.00956e+07
1.00954e+07
1.00952e+07
1.0095e+07
1.00949e+07
1.00947e+07
1.00945e+07
1.00942e+07
1.0094e+07
1.00938e+07
1.00935e+07
1.00933e+07
1.0093e+07
1.00927e+07
1.00924e+07
1.00922e+07
1.00918e+07
1.00915e+07
1.00912e+07
1.00909e+07
1.00905e+07
1.00901e+07
1.00898e+07
1.00894e+07
1.0089e+07
1.00886e+07
1.00881e+07
1.00877e+07
1.00872e+07
1.00868e+07
1.00863e+07
1.00858e+07
1.00853e+07
1.00848e+07
1.00842e+07
1.00837e+07
1.00831e+07
1.00825e+07
1.00819e+07
1.00813e+07
1.00807e+07
1.008e+07
1.00794e+07
1.00787e+07
1.0078e+07
1.00772e+07
1.00765e+07
1.00757e+07
1.00749e+07
1.00741e+07
1.00733e+07
1.00724e+07
1.00716e+07
1.00707e+07
1.00698e+07
1.00688e+07
1.00678e+07
1.00668e+07
1.00658e+07
1.01119e+07
1.0112e+07
1.01121e+07
1.01121e+07
1.01122e+07
1.01123e+07
1.01124e+07
1.01124e+07
1.01125e+07
1.01125e+07
1.01125e+07
1.01126e+07
1.01126e+07
1.01126e+07
1.01126e+07
1.01126e+07
1.01126e+07
1.01126e+07
1.01126e+07
1.01126e+07
1.01126e+07
1.01126e+07
1.01125e+07
1.01125e+07
1.01124e+07
1.01124e+07
1.01123e+07
1.01122e+07
1.01122e+07
1.01121e+07
1.0112e+07
1.01119e+07
1.01118e+07
1.01117e+07
1.01116e+07
1.01114e+07
1.01113e+07
1.01112e+07
1.0111e+07
1.01109e+07
1.01107e+07
1.01105e+07
1.01104e+07
1.01102e+07
1.011e+07
1.01098e+07
1.01096e+07
1.01094e+07
1.01091e+07
1.01089e+07
1.01087e+07
1.01084e+07
1.01081e+07
1.01079e+07
1.01076e+07
1.01073e+07
1.0107e+07
1.01067e+07
1.01064e+07
1.01061e+07
1.01057e+07
1.01054e+07
1.0105e+07
1.01046e+07
1.01043e+07
1.01039e+07
1.01035e+07
1.0103e+07
1.01026e+07
1.01022e+07
1.01017e+07
1.01013e+07
1.01008e+07
1.01003e+07
1.00998e+07
1.00993e+07
1.00988e+07
1.00982e+07
1.00977e+07
1.00971e+07
1.00965e+07
1.00959e+07
1.00953e+07
1.00946e+07
1.0094e+07
1.00933e+07
1.00926e+07
1.00919e+07
1.00912e+07
1.00905e+07
1.00897e+07
1.00889e+07
1.00882e+07
1.00873e+07
1.00865e+07
1.00857e+07
1.00848e+07
1.00839e+07
1.0083e+07
1.0082e+07
1.00811e+07
1.01282e+07
1.01283e+07
1.01284e+07
1.01284e+07
1.01285e+07
1.01286e+07
1.01287e+07
1.01287e+07
1.01288e+07
1.01288e+07
1.01289e+07
1.01289e+07
1.01289e+07
1.0129e+07
1.0129e+07
1.0129e+07
1.0129e+07
1.0129e+07
1.0129e+07
1.0129e+07
1.0129e+07
1.0129e+07
1.01289e+07
1.01289e+07
1.01289e+07
1.01288e+07
1.01288e+07
1.01287e+07
1.01286e+07
1.01286e+07
1.01285e+07
1.01284e+07
1.01283e+07
1.01282e+07
1.01281e+07
1.0128e+07
1.01279e+07
1.01278e+07
1.01277e+07
1.01275e+07
1.01274e+07
1.01273e+07
1.01271e+07
1.01269e+07
1.01268e+07
1.01266e+07
1.01264e+07
1.01262e+07
1.0126e+07
1.01258e+07
1.01256e+07
1.01254e+07
1.01251e+07
1.01249e+07
1.01247e+07
1.01244e+07
1.01241e+07
1.01239e+07
1.01236e+07
1.01233e+07
1.0123e+07
1.01227e+07
1.01224e+07
1.0122e+07
1.01217e+07
1.01213e+07
1.0121e+07
1.01206e+07
1.01202e+07
1.01198e+07
1.01194e+07
1.0119e+07
1.01186e+07
1.01182e+07
1.01177e+07
1.01172e+07
1.01168e+07
1.01163e+07
1.01158e+07
1.01153e+07
1.01148e+07
1.01142e+07
1.01137e+07
1.01131e+07
1.01125e+07
1.01119e+07
1.01113e+07
1.01107e+07
1.011e+07
1.01094e+07
1.01087e+07
1.0108e+07
1.01073e+07
1.01066e+07
1.01059e+07
1.01051e+07
1.01043e+07
1.01035e+07
1.01027e+07
1.01019e+07
1.0101e+07
1.01001e+07
1.00992e+07
1.00983e+07
1.00974e+07
1.01451e+07
1.01452e+07
1.01453e+07
1.01454e+07
1.01455e+07
1.01456e+07
1.01456e+07
1.01457e+07
1.01457e+07
1.01458e+07
1.01458e+07
1.01459e+07
1.01459e+07
1.01459e+07
1.0146e+07
1.0146e+07
1.0146e+07
1.0146e+07
1.0146e+07
1.0146e+07
1.0146e+07
1.0146e+07
1.01459e+07
1.01459e+07
1.01459e+07
1.01458e+07
1.01458e+07
1.01457e+07
1.01457e+07
1.01456e+07
1.01455e+07
1.01455e+07
1.01454e+07
1.01453e+07
1.01452e+07
1.01451e+07
1.0145e+07
1.01449e+07
1.01447e+07
1.01446e+07
1.01445e+07
1.01443e+07
1.01442e+07
1.0144e+07
1.01439e+07
1.01437e+07
1.01435e+07
1.01433e+07
1.01431e+07
1.01429e+07
1.01427e+07
1.01425e+07
1.01423e+07
1.01421e+07
1.01418e+07
1.01416e+07
1.01413e+07
1.01411e+07
1.01408e+07
1.01405e+07
1.01402e+07
1.01399e+07
1.01396e+07
1.01393e+07
1.0139e+07
1.01386e+07
1.01383e+07
1.01379e+07
1.01375e+07
1.01372e+07
1.01368e+07
1.01364e+07
1.0136e+07
1.01355e+07
1.01351e+07
1.01347e+07
1.01342e+07
1.01337e+07
1.01333e+07
1.01328e+07
1.01323e+07
1.01317e+07
1.01312e+07
1.01307e+07
1.01301e+07
1.01295e+07
1.01289e+07
1.01283e+07
1.01277e+07
1.01271e+07
1.01264e+07
1.01258e+07
1.01251e+07
1.01244e+07
1.01237e+07
1.01229e+07
1.01222e+07
1.01214e+07
1.01206e+07
1.01198e+07
1.0119e+07
1.01181e+07
1.01173e+07
1.01164e+07
1.01155e+07
1.01146e+07
1.01627e+07
1.01628e+07
1.01629e+07
1.0163e+07
1.0163e+07
1.01631e+07
1.01632e+07
1.01632e+07
1.01633e+07
1.01634e+07
1.01634e+07
1.01634e+07
1.01635e+07
1.01635e+07
1.01635e+07
1.01635e+07
1.01635e+07
1.01636e+07
1.01636e+07
1.01635e+07
1.01635e+07
1.01635e+07
1.01635e+07
1.01635e+07
1.01634e+07
1.01634e+07
1.01633e+07
1.01633e+07
1.01632e+07
1.01632e+07
1.01631e+07
1.0163e+07
1.01629e+07
1.01628e+07
1.01628e+07
1.01627e+07
1.01625e+07
1.01624e+07
1.01623e+07
1.01622e+07
1.0162e+07
1.01619e+07
1.01618e+07
1.01616e+07
1.01614e+07
1.01613e+07
1.01611e+07
1.01609e+07
1.01607e+07
1.01605e+07
1.01603e+07
1.01601e+07
1.01599e+07
1.01596e+07
1.01594e+07
1.01591e+07
1.01589e+07
1.01586e+07
1.01584e+07
1.01581e+07
1.01578e+07
1.01575e+07
1.01572e+07
1.01569e+07
1.01565e+07
1.01562e+07
1.01558e+07
1.01555e+07
1.01551e+07
1.01547e+07
1.01543e+07
1.0154e+07
1.01535e+07
1.01531e+07
1.01527e+07
1.01522e+07
1.01518e+07
1.01513e+07
1.01508e+07
1.01503e+07
1.01498e+07
1.01493e+07
1.01488e+07
1.01482e+07
1.01477e+07
1.01471e+07
1.01465e+07
1.01459e+07
1.01453e+07
1.01447e+07
1.0144e+07
1.01433e+07
1.01427e+07
1.0142e+07
1.01413e+07
1.01405e+07
1.01398e+07
1.0139e+07
1.01382e+07
1.01374e+07
1.01366e+07
1.01358e+07
1.01349e+07
1.0134e+07
1.01331e+07
1.01322e+07
1.01312e+07
1.018e+07
1.01801e+07
1.01802e+07
1.01803e+07
1.01803e+07
1.01804e+07
1.01805e+07
1.01805e+07
1.01806e+07
1.01806e+07
1.01807e+07
1.01807e+07
1.01807e+07
1.01808e+07
1.01808e+07
1.01808e+07
1.01808e+07
1.01808e+07
1.01808e+07
1.01808e+07
1.01808e+07
1.01808e+07
1.01807e+07
1.01807e+07
1.01807e+07
1.01806e+07
1.01806e+07
1.01805e+07
1.01805e+07
1.01804e+07
1.01803e+07
1.01802e+07
1.01802e+07
1.01801e+07
1.018e+07
1.01799e+07
1.01797e+07
1.01796e+07
1.01795e+07
1.01794e+07
1.01792e+07
1.01791e+07
1.01789e+07
1.01788e+07
1.01786e+07
1.01784e+07
1.01782e+07
1.0178e+07
1.01778e+07
1.01776e+07
1.01774e+07
1.01772e+07
1.0177e+07
1.01767e+07
1.01765e+07
1.01762e+07
1.0176e+07
1.01757e+07
1.01754e+07
1.01751e+07
1.01748e+07
1.01745e+07
1.01742e+07
1.01739e+07
1.01735e+07
1.01732e+07
1.01728e+07
1.01725e+07
1.01721e+07
1.01717e+07
1.01713e+07
1.01709e+07
1.01705e+07
1.017e+07
1.01696e+07
1.01691e+07
1.01687e+07
1.01682e+07
1.01677e+07
1.01672e+07
1.01666e+07
1.01661e+07
1.01656e+07
1.0165e+07
1.01644e+07
1.01638e+07
1.01632e+07
1.01626e+07
1.0162e+07
1.01613e+07
1.01607e+07
1.016e+07
1.01593e+07
1.01586e+07
1.01578e+07
1.01571e+07
1.01563e+07
1.01555e+07
1.01547e+07
1.01539e+07
1.01531e+07
1.01522e+07
1.01513e+07
1.01504e+07
1.01495e+07
1.01485e+07
1.01475e+07
1.01973e+07
1.01974e+07
1.01975e+07
1.01976e+07
1.01977e+07
1.01977e+07
1.01978e+07
1.01978e+07
1.01979e+07
1.01979e+07
1.0198e+07
1.0198e+07
1.01981e+07
1.01981e+07
1.01981e+07
1.01981e+07
1.01981e+07
1.01981e+07
1.01981e+07
1.01981e+07
1.01981e+07
1.01981e+07
1.0198e+07
1.0198e+07
1.01979e+07
1.01979e+07
1.01978e+07
1.01978e+07
1.01977e+07
1.01976e+07
1.01976e+07
1.01975e+07
1.01974e+07
1.01973e+07
1.01972e+07
1.01971e+07
1.01969e+07
1.01968e+07
1.01967e+07
1.01965e+07
1.01964e+07
1.01962e+07
1.01961e+07
1.01959e+07
1.01957e+07
1.01955e+07
1.01954e+07
1.01952e+07
1.01949e+07
1.01947e+07
1.01945e+07
1.01943e+07
1.0194e+07
1.01938e+07
1.01935e+07
1.01933e+07
1.0193e+07
1.01927e+07
1.01924e+07
1.01921e+07
1.01918e+07
1.01915e+07
1.01911e+07
1.01908e+07
1.01904e+07
1.01901e+07
1.01897e+07
1.01893e+07
1.01889e+07
1.01885e+07
1.01881e+07
1.01877e+07
1.01872e+07
1.01868e+07
1.01863e+07
1.01858e+07
1.01854e+07
1.01849e+07
1.01843e+07
1.01838e+07
1.01833e+07
1.01827e+07
1.01822e+07
1.01816e+07
1.0181e+07
1.01804e+07
1.01797e+07
1.01791e+07
1.01784e+07
1.01777e+07
1.01771e+07
1.01763e+07
1.01756e+07
1.01749e+07
1.01741e+07
1.01733e+07
1.01725e+07
1.01717e+07
1.01709e+07
1.017e+07
1.01691e+07
1.01682e+07
1.01673e+07
1.01664e+07
1.01654e+07
1.01644e+07
1.02147e+07
1.02148e+07
1.02149e+07
1.02149e+07
1.0215e+07
1.02151e+07
1.02152e+07
1.02152e+07
1.02153e+07
1.02153e+07
1.02154e+07
1.02154e+07
1.02154e+07
1.02154e+07
1.02155e+07
1.02155e+07
1.02155e+07
1.02155e+07
1.02155e+07
1.02154e+07
1.02154e+07
1.02154e+07
1.02154e+07
1.02153e+07
1.02153e+07
1.02152e+07
1.02152e+07
1.02151e+07
1.0215e+07
1.02149e+07
1.02149e+07
1.02148e+07
1.02147e+07
1.02146e+07
1.02145e+07
1.02143e+07
1.02142e+07
1.02141e+07
1.02139e+07
1.02138e+07
1.02136e+07
1.02135e+07
1.02133e+07
1.02131e+07
1.02129e+07
1.02127e+07
1.02125e+07
1.02123e+07
1.02121e+07
1.02119e+07
1.02117e+07
1.02114e+07
1.02112e+07
1.02109e+07
1.02106e+07
1.02104e+07
1.02101e+07
1.02098e+07
1.02095e+07
1.02092e+07
1.02088e+07
1.02085e+07
1.02082e+07
1.02078e+07
1.02074e+07
1.02071e+07
1.02067e+07
1.02063e+07
1.02059e+07
1.02054e+07
1.0205e+07
1.02046e+07
1.02041e+07
1.02036e+07
1.02032e+07
