262776
391020
453858
484648
499733
507124
510744
512516
513383
513806
514012
514112
514159
514181
514191
514194
514194
514193
514192
514189
514187
514185
514183
514181
514179
514176
514174
514172
514170
514168
514166
514165
514163
514161
514159
514158
514156
514154
514153
514151
514150
514148
514147
514145
514144
514142
514141
514140
514139
514137
514136
514135
514134
514133
514132
514131
514130
514129
514128
514127
514126
514125
514125
514124
514123
514122
514122
514121
514255
514373
514475
514571
514670
514770
514870
514970
515070
515170
515270
515370
515470
515570
515670
515770
515870
515970
516070
516170
516270
516370
516470
516570
516670
516770
516870
516970
517070
517170
517270
517370
517470
517570
517670
517770
517870
517970
518070
518170
518270
518370
518470
518570
518670
518770
518870
518970
519070
519170
519270
519370
519470
519570
519670
519770
519870
519970
520070
520170
520270
520370
520470
520570
520670
520770
520870
520970
521070
521170
521270
521370
521470
521570
521670
521770
521870
521970
522070
522170
522270
522370
522470
522570
522670
522770
522870
522970
523070
523170
523270
523370
523470
523570
523670
523770
523870
523970
524070
524170
524270
524370
524470
524570
524670
524770
524870
524970
525070
525170
525270
525370
525470
525570
525670
525770
525870
525970
526070
526170
526270
526370
526470
526570
526670
526770
526870
526970
527070
527170
527270
527370
527470
527570
527670
527770
527870
527970
528070
528170
528270
528370
528470
528570
528670
528770
528870
528970
529070
529170
529270
529370
529470
529570
529670
529770
529870
529970
530070
530170
530270
530370
530470
530570
530670
530770
530870
530970
531070
531170
531270
531370
531470
531570
531670
531770
531870
531970
532070
532170
532270
532370
532470
532570
532670
532770
532870
532970
533070
533170
533270
533370
533470
533570
533670
533770
533870
533970
534070
534170
534270
534370
534470
534570
534670
534770
534870
534970
535070
535170
535270
535370
535470
535570
535670
535770
535870
535970
536070
536170
536270
536370
536470
536570
536670
536770
536870
536970
537070
537170
537270
537370
537470
537570
537670
537770
537870
537970
538070
538170
538270
538370
538470
538570
538670
538770
538870
538970
539070
539170
539270
539370
539470
539570
539670
539770
539870
539970
540070
540170
540270
540370
540470
540570
540670
540770
540870
540970
541070
541170
541270
541370
541470
541570
541670
541770
541870
541970
542070
542170
542270
542370
542470
542570
542670
542770
542870
542970
543070
543170
543270
543370
543470
543570
543670
543770
543870
543970
544070
544170
544270
544370
544470
544570
544670
544770
544870
544970
545070
545170
545270
545370
545470
545570
545670
545770
545870
545970
546070
546170
546270
546370
546470
546570
546670
546770
546870
546970
547070
547170
547270
547370
547470
547570
547670
547770
547870
547970
548070
548170
548270
548370
548470
548570
548670
548770
548870
548970
549070
549170
549270
549370
549470
549570
549670
549770
549870
549970
550070
550170
550270
550370
550470
550570
550670
550770
550870
550970
551070
551170
551270
551370
551470
551570
551670
551770
551870
551970
552070
552170
552270
552370
552470
552570
552670
552770
552870
552970
553070
553170
553270
553370
553470
553570
553670
553770
553870
553970
554070
554170
554270
554370
554470
554570
554670
554770
554870
554970
555070
555170
555270
555370
555470
555570
555670
555770
555870
555970
556070
556170
556270
556370
556470
556570
556670
556770
556870
556970
557070
557170
557270
557370
557470
557570
557670
557770
557870
557970
558070
558170
558270
558370
558470
558570
558670
558770
558870
558970
559070
559170
559270
559370
559470
559570
559670
559770
559870
559970
560070
560170
560270
560370
560470
560570
560670
560770
560870
560970
561070
561170
561270
561370
561470
561570
561670
561770
561870
561970
562070
562170
562270
562370
562470
562570
562670
562770
562870
562970
563070
563170
563270
563370
563470
563570
563670
563770
563870
563970
564070
564170
564270
564370
564470
564570
564670
564770
564870
564970
565070
565170
565270
565370
565470
565570
565670
565770
565870
565970
566070
566170
566270
566370
566470
566570
566670
566770
566870
566970
567070
567170
567270
567370
567470
567570
567670
567770
567870
567970
568070
568170
568270
568370
568470
568570
568670
568770
568870
568970
569070
569170
569270
569370
569470
569570
569670
569770
569870
569970
570070
570170
570270
570370
570470
570570
570670
570770
570870
570970
571070
571170
571270
571370
571470
571570
571670
571770
571870
571970
572070
572170
572270
572370
572470
572570
572670
572770
572870
572970
573070
573170
573270
573370
573470
573570
573670
573770
573870
573970
574070
574170
574270
574370
574470
574570
574670
574770
574870
574970
575070
575170
575270
575370
575470
575570
575670
575770
575870
575970
576070
576170
576270
576370
576470
576570
576670
576770
576870
576970
577070
577170
577270
577370
577470
577570
577670
577770
577870
577970
578070
578170
578270
578370
578470
578570
578670
578770
578870
578970
579070
579170
579270
579370
579470
579570
579670
579770
579870
579970
580070
580170
580270
580370
580470
580570
580670
580770
580870
580970
581070
581170
581270
581370
581470
581570
581670
581770
581870
581970
582070
582170
582270
582370
582470
582570
582670
582770
582870
582970
583070
583170
583270
583370
583470
583570
583670
583770
583870
583970
584070
584170
584270
584370
584470
584570
584670
584770
584870
584970
585070
585170
585270
585370
585470
585570
585670
585770
585870
585970
586070
586170
586270
586370
586470
586570
586670
586770
586870
586970
587070
587170
587270
587370
587470
587570
587670
587770
587870
587970
588070
588170
588270
588370
588470
588570
588670
588770
588870
588970
589070
589170
589270
589370
589470
589570
589670
589770
589870
589970
590070
590170
590270
590370
590470
590570
590670
590770
590870
590970
591070
591170
591270
591370
591470
591570
591670
591770
591870
591970
592070
592170
592270
592370
592470
592570
592670
592770
592870
592970
593070
593170
593270
593370
593470
593570
593670
593770
593870
593970
594070
594170
594270
594370
594470
594570
594670
594770
594870
594970
595070
595170
595270
595370
595470
595570
595670
595770
595870
595970
596070
596170
596270
596370
596470
596570
596670
596770
596870
596970
597070
597170
597270
597370
597470
597570
597670
597770
597870
597970
598070
598170
598270
598370
598470
598570
598670
598770
598870
598970
599070
599170
599270
599370
599470
599570
599670
599770
599870
599970
600070
600170
600270
600370
600470
600570
600670
600770
600870
600970
601070
601170
601270
601370
601470
601570
601670
601770
601870
601970
602070
602170
602270
602370
602470
602570
602670
602770
602870
602970
603070
603170
603270
603370
603470
603570
603670
603770
603870
603970
604070
604170
604270
604370
604470
604570
604670
604770
604870
604970
605070
605170
605270
605370
605470
605570
605670
605770
605870
605970
606070
606170
606270
606370
606470
606570
606670
606770
606870
606970
607070
607170
607270
607370
607470
607570
607670
607770
607870
607970
608070
608170
608270
608370
608470
608570
608670
608770
608870
608970
609070
609170
609270
609370
609470
609570
609670
609770
609870
609970
610070
610170
610270
610370
610470
610570
610670
610770
610870
610970
611070
611170
611270
611370
611470
611570
611670
611770
611870
611970
612070
612170
612270
612370
612470
612570
612670
612770
612870
612970
613070
613170
613270
613370
613470
613570
613670
613770
613870
613970
614070
614170
614270
614370
614470
614570
614670
614770
614870
614970
615070
615170
615270
615370
615470
615570
615670
615770
615870
615970
616070
616170
616270
616370
616470
616570
616670
616770
616870
616970
617070
617170
617270
617370
617470
617570
617670
617770
617870
617970
618070
618170
618270
618370
618470
618570
618670
618770
618870
618970
619070
619170
619270
619370
619470
619570
619670
619770
619870
619970
620070
620170
620270
620370
620470
620570
620670
620770
620870
620970
621070
621170
621270
621370
621470
621570
621670
621770
621870
621970
622070
622170
622270
622370
622470
622570
622670
622770
622870
622970
623070
623170
623270
623370
623470
623570
623670
623770
623870
623970
624070
624170
624270
624370
624470
624570
624670
624770
624870
624970
625070
625170
625270
625370
625470
625570
625670
625770
625870
625970
626070
626170
626270
626370
626470
626570
626670
626770
626870
626970
627070
627170
627270
627370
627470
627570
627670
627770
627870
627970
628070
628170
628270
628370
628470
628570
628670
628770
628870
628970
629070
629170
629270
629370
629470
629570
629670
629770
629870
629970
630070
630170
630270
630370
630470
630570
630670
630770
630870
630970
631070
631170
631270
631370
631470
631570
631670
631770
631870
631970
632070
632170
632270
632370
632470
632570
632670
632770
632870
632970
633070
633170
633270
633370
633470
633570
633670
633770
633870
633970
634070
634170
634270
634370
634470
634570
634670
634770
634870
634970
635070
635170
635270
635370
635470
635570
635670
635770
635870
635970
636070
636170
636270
636370
636470
636570
636670
636770
636870
636970
637070
637170
637270
637370
637470
637570
637670
637770
637870
637970
638070
638170
638270
638370
638470
638570
638670
638770
638870
638970
639070
639170
639270
639370
639470
639570
639670
639770
639870
639970
640070
640170
640270
640370
640470
640570
640670
640770
640870
640970
641070
641170
641270
641370
641470
641570
641670
641770
641870
641970
642070
642170
642270
642370
642470
642570
642670
642770
642870
642970
643070
643170
643270
643370
643470
643570
643670
643770
643870
643970
644070
644170
644270
644370
644470
644570
644670
644770
644870
644970
645070
645170
645270
645370
645470
645570
645670
645770
645870
645970
646070
646170
646270
646370
646470
646570
646670
646770
646870
646970
647070
647170
647270
647370
647470
647570
647670
647770
647870
647970
648070
648170
648270
648370
648470
648570
648670
648770
648870
648970
649070
649170
649270
649370
649470
649570
649670
649770
649870
649970
650070
650170
650270
650370
650470
650570
650670
650770
650870
650970
651070
651170
651270
651370
651470
651570
651670
651770
651870
651970
652070
652170
652270
652370
652470
652570
652670
652770
652870
652970
653070
653170
653270
653370
653470
653570
653670
653770
653870
653970
654070
654170
654270
654370
654470
654570
654670
654770
654870
654970
655070
655170
655270
655370
655470
655570
655670
655770
655870
655970
656070
656170
656270
656370
656470
656570
656670
656770
656870
656970
657070
657170
657270
657370
657470
657570
657670
657770
657870
657970
658070
658170
658270
658370
658470
658570
658670
658770
658870
658970
659070
659170
659270
659370
659470
659570
659670
659770
659870
659970
660070
660170
660270
660370
660470
660570
660670
660770
660870
660970
661070
661170
661270
661370
661470
661570
661670
661770
661870
661970
662070
662170
662270
662370
662470
662570
662670
662770
662870
662970
663070
663170
663270
663370
663470
663570
663670
663770
663870
663970
664070
664170
664270
664370
664470
664570
664670
664770
664870
664970
665070
665170
665270
665370
665470
665570
665670
665770
665870
665970
666070
666170
666270
666370
666470
666570
666670
666770
666870
666970
667070
667170
667270
667370
667470
667570
667670
667770
667870
667970
668070
668170
668270
668370
668470
668570
668670
668770
668870
668970
669070
669170
669270
669370
669470
669570
669670
669770
669870
669970
670070
670170
670270
670370
670470
670570
670670
670770
670870
670970
671070
671170
671270
671370
671470
671570
671670
671770
671870
671970
672070
672170
672270
672370
672470
672570
672670
672770
672870
672970
673070
673170
673270
673370
673470
673570
673670
673770
673870
673970
674070
674170
674270
674370
674470
674570
674670
674770
674870
674970
675070
675170
675270
675370
675470
675570
675670
675770
675870
675970
676070
676170
676270
676370
676470
676570
676670
676770
676870
676970
677070
677170
677270
677370
677470
677570
677670
677770
677870
677970
678070
678170
678270
678370
678470
678570
678670
678770
678870
678970
679070
679170
679270
679370
679470
679570
679670
679770
679870
679970
680070
680170
680270
680370
680470
680570
680670
680770
680870
680970
681070
681170
681270
681370
681470
681570
681670
681770
681870
681970
682070
682170
682270
682370
682470
682570
682670
682770
682870
682970
683070
683170
683270
683370
683470
683570
683670
683770
683870
683970
684070
684170
684270
684370
684470
684570
684670
684770
684870
684970
685070
685170
685270
685370
685470
685570
685670
685770
685870
685970
686070
686170
686270
686370
686470
686570
686670
686770
686870
686970
687070
687170
687270
687370
687470
687570
687670
687770
687870
687970
688070
688170
688270
688370
688470
688570
688670
688770
688870
688970
689070
689170
689270
689370
689470
689570
689670
689770
689870
689970
690070
690170
690270
690370
690470
690570
690670
690770
690870
690970
691070
691170
691270
691370
691470
691570
691670
691770
691870
691970
692070
692170
692270
692370
692470
692570
692670
692770
692870
692970
693070
693170
693270
693370
693470
693570
693670
693770
693870
693970
694070
694170
694270
694370
694470
694570
694670
694770
694870
694970
695070
695170
695270
695370
695470
695570
695670
695770
695870
695970
696070
696170
696270
696370
696470
696570
696670
696770
696870
696970
697070
697170
697270
697370
697470
697570
697670
697770
697870
697970
698070
698170
698270
698370
698470
698570
698670
698770
698870
698970
699070
699170
699270
699370
699470
699570
699670
699770
699870
699970
700070
700170
700270
700370
700470
700570
700670
700770
700870
700970
701070
701170
701270
701370
701470
701570
701670
701770
701870
701970
702070
702170
702270
702370
702470
702570
702670
702770
702870
702970
703070
703170
703270
703370
703470
703570
703670
703770
703870
703970
704070
704170
704270
704370
704470
704570
704670
704770
704870
704970
705070
705170
705270
705370
705470
705570
705670
705770
705870
705970
706070
706170
706270
706370
706470
706570
706670
706770
706870
706970
707070
707170
707270
707370
707470
707570
707670
707770
707870
707970
708070
708170
708270
708370
708470
708570
708670
708770
708870
708970
709070
709170
709270
709370
709470
709570
709670
709770
709870
709970
710070
710170
710270
710370
710470
710570
710670
710770
710870
710970
711070
711170
711270
711370
711470
711570
711670
711770
711870
711970
712070
712170
712270
712370
712470
712570
712670
712770
712870
712970
713070
713170
713270
713370
713470
713570
713670
713770
713870
713970
714070
714170
714270
714370
714470
714570
714670
714770
714870
714970
715070
715170
715270
715370
715470
715570
715670
715770
715870
715970
716070
716170
716270
716370
716470
716570
716670
716770
716870
716970
717070
717170
717270
717370
717470
717570
717670
717770
717870
717970
718070
718170
718270
718370
718470
718570
718670
718770
718870
718970
719070
719170
719270
719370
719470
719570
719670
719770
719870
719970
720070
720170
720270
720370
720470
720570
720670
720770
720870
720970
721070
721170
721270
721370
721470
721570
721670
721770
721870
721970
722070
722170
722270
722370
722470
722570
722670
722770
722870
722970
723070
723170
723270
723370
723470
723570
723670
723770
723870
723970
724070
724170
724270
724370
724470
724570
724670
724770
724870
724970
725070
725170
725270
725370
725470
725570
725670
725770
725870
725970
726070
726170
726270
726370
726470
726570
726670
726770
726870
726970
727070
727170
727270
727370
727470
727570
727670
727770
727870
727970
728070
728170
728270
728370
728470
728570
728670
728770
728870
728970
729070
729170
729270
729370
729470
729570
729670
729770
729870
729970
730070
730170
730270
730370
730470
730570
730670
730770
730870
730970
731070
731170
731270
731370
731470
731570
731670
731770
731870
731970
732070
732170
732270
732370
732470
732570
732670
732770
732870
732970
733070
733170
733270
733370
733470
733570
733670
733770
733870
733970
734070
734170
734270
734370
734470
734570
734670
734770
734870
734970
735070
735170
735270
735370
735470
735570
735670
735770
735870
735970
736070
736170
736270
736370
736470
736570
736670
736770
736870
736970
737070
737170
737270
737370
737470
737570
737670
737770
737870
737970
738070
738170
738270
738370
738470
738570
738670
738770
738870
738970
739070
739170
739270
739370
739470
739570
739670
739770
739870
739970
740070
740170
740270
740370
740470
740570
740670
740770
740870
740970
741070
741170
741270
741370
741470
741570
741670
741770
741870
741970
742070
742170
742270
742370
742470
742570
742670
742770
742870
742970
743070
743170
743270
743370
743470
743570
743670
743770
743870
743970
744070
744170
744270
744370
744470
744570
744670
744770
744870
744970
745070
745170
745270
745370
745470
745570
745670
745770
745870
745970
746070
746170
746270
746370
746470
746570
746670
746770
746870
746970
747070
747170
747270
747370
747470
747570
747670
747770
747870
747970
748070
748170
748270
748370
748470
748570
748670
748770
748870
748970
749070
749170
749270
749370
749470
749570
749670
749770
749870
749970
750070
750170
750270
750370
750470
750570
750670
750770
750870
750970
751070
751170
751270
751370
751470
751570
751670
751770
751870
751970
752070
752170
752270
752370
752470
752570
752670
752770
752870
752970
753070
753170
753270
753370
753470
753570
753670
753770
753870
753970
754070
754170
754270
754370
754470
754570
754670
754770
754870
754970
755070
755170
755270
755370
755470
755570
755670
755770
755870
755970
756070
756170
756270
756370
756470
756570
756670
756770
756870
756970
757070
757170
757270
757370
757470
757570
757670
757770
757870
757970
758070
758170
758270
758370
758470
758570
758670
758770
758870
758970
759070
759170
759270
759370
759470
759570
759670
759770
759870
759970
760070
760170
760270
760370
760470
760570
760670
760770
760870
760970
761070
761170
761270
761370
761470
761570
761670
761770
761870
761970
762070
762170
762270
762370
762470
762570
762670
762770
762870
762970
763070
763170
763270
763370
763470
763570
763670
763770
763870
763970
764070
764170
764270
764370
764470
764570
764670
764770
764870
764970
765070
765170
765270
765370
765470
765570
765670
765770
765870
765970
766070
766170
766270
766370
766470
766570
766670
766770
766870
766970
767070
767170
767270
767370
767470
767570
767670
767770
767870
767970
768070
768170
768270
768370
768470
768570
768670
768770
768870
768970
769070
769170
769270
769370
769470
769570
769670
769770
769870
769970
770070
770170
770270
770370
770470
770570
770670
770770
770870
770970
771070
771170
771270
771370
771470
771570
771670
771770
771870
771970
772070
772170
772270
772370
772470
772570
772670
772770
772870
772970
773070
773170
773270
773370
773470
773570
773670
773770
773870
773970
774070
774170
774270
774370
774470
774570
774670
774770
774870
774970
775070
775170
775270
775370
775470
775570
775670
775770
775870
775970
776070
776170
776270
776370
776470
776570
776670
776770
776870
776970
777070
777170
777270
777370
777470
777570
777670
777770
777870
777970
778070
778170
778270
778370
778470
778570
778670
778770
778870
778970
779070
779170
779270
779370
779470
779570
779670
779770
779870
779970
780070
780170
780270
780370
780470
780570
780670
780770
780870
780970
781070
781170
781270
781370
781470
781570
781670
781770
781870
781970
782070
782170
782270
782370
782470
782570
782670
782770
782870
782970
783070
783170
783270
783370
783470
783570
783670
783770
783870
783970
784070
784170
784270
784370
784470
784570
784670
784770
784870
784970
785070
785170
785270
785370
785470
785570
785670
785770
785870
785970
786070
786170
786270
786370
786470
786570
786670
786770
786870
786970
787070
787170
787270
787370
787470
787570
787670
787770
787870
787970
788070
788170
788270
788370
788470
788570
788670
788770
788870
788970
789070
789170
789270
789370
789470
789570
789670
789770
789870
789970
790070
790170
790270
790370
790470
790570
790670
790770
790870
790970
791070
791170
791270
791370
791470
791570
791670
791770
791870
791970
792070
792170
792270
792370
792470
792570
792670
792770
792870
792970
793070
793170
793270
793370
793470
793570
793670
793770
793870
793970
794070
794170
794270
794370
794470
794570
794670
794770
794870
794970
795070
795170
795270
795370
795470
795570
795670
795770
795870
795970
796070
796170
796270
796370
796470
796570
796670
796770
796870
796970
797070
797170
797270
797370
797470
797570
797670
797770
797870
797970
798070
798170
798270
798370
798470
798570
798670
798770
798870
798970
799070
799170
799270
799370
799470
799570
799670
799770
799870
799970
800070
800170
800270
800370
800470
800570
800670
800770
800870
800970
801070
801170
801270
801370
801470
801570
801670
801770
801870
801970
802070
802170
802270
802370
802470
802570
802670
802770
802870
802970
803070
803170
803270
803370
803470
803570
803670
803770
803870
803970
804070
804170
804270
804370
804470
804570
804670
804770
804870
804970
805070
805170
805270
805370
805470
805570
805670
805770
805870
805970
806070
806170
806270
806370
806470
806570
806670
806770
806870
806970
807070
807170
807270
807370
807470
807570
807670
807770
807870
807970
808070
808170
808270
808370
808470
808570
808670
808770
808870
808970
809070
809170
809270
809370
809470
809570
809670
809770
809870
809970
810070
810170
810270
810370
810470
810570
810670
810770
810870
810970
811070
811170
811270
811370
811470
811570
811670
811770
811870
811970
812070
812170
812270
812370
812470
812570
812670
812770
812870
812970
813070
813170
813270
813370
813470
813570
813670
813770
813870
813970
814070
814170
814270
814370
814470
814570
814670
814770
814870
814970
815070
815170
815270
815370
815470
815570
815670
815770
815870
815970
816070
816170
816270
816370
816470
816570
816670
816770
816870
816970
817070
817170
817270
817370
817470
817570
817670
817770
817870
817970
818070
818170
818270
818370
818470
818570
818670
818770
818870
818970
819070
819170
819270
819370
819470
819570
819670
819770
819870
819970
820070
820170
820270
820370
820470
820570
820670
820770
820870
820970
821070
821170
821270
821370
821470
821570
821670
821770
821870
821970
822070
822170
822270
822370
822470
822570
822670
822770
822870
822970
823070
823170
823270
823370
823470
823570
823670
823770
823870
823970
824070
824170
824270
824370
824470
824570
824670
824770
824870
824970
825070
825170
825270
825370
825470
825570
825670
825770
825870
825970
826070
826170
826270
826370
826470
826570
826670
826770
826870
826970
827070
827170
827270
827370
827470
827570
827670
827770
827870
827970
828070
828170
828270
828370
828470
828570
828670
828770
828870
828970
829070
829170
829270
829370
829470
829570
829670
829770
829870
829970
830070
830170
830270
830370
830470
830570
830670
830770
830870
830970
831070
831170
831270
831370
831470
831570
831670
831770
831870
831970
832070
832170
832270
832370
832470
832570
832670
832770
832870
832970
833070
833170
833270
833370
833470
833570
833670
833770
833870
833970
834070
834170
834270
834370
834470
834570
834670
834770
834870
834970
835070
835170
835270
835370
835470
835570
835670
835770
835870
835970
836070
836170
836270
836370
836470
836570
836670
836770
836870
836970
837070
837170
837270
837370
837470
837570
837670
837770
837870
837970
838070
838170
838270
838370
838470
838570
838670
838770
838870
838970
839070
839170
839270
839370
839470
839570
839670
839770
839870
839970
840070
840170
840270
840370
840470
840570
840670
840770
840870
840970
841070
841170
841270
841370
841470
841570
841670
841770
841870
841970
842070
842170
842270
842370
842470
842570
842670
842770
842870
842970
843070
843170
843270
843370
843470
843570
843670
843770
843870
843970
844070
844170
844270
844370
844470
844570
844670
844770
844870
844970
845070
845170
845270
845370
845470
845570
845670
845770
845870
845970
846070
846170
846270
846370
846470
846570
846670
846770
846870
846970
847070
847170
847270
847370
847470
847570
847670
847770
847870
847970
848070
848170
848270
848370
848470
848570
848670
848770
848870
848970
849070
849170
849270
849370
849470
849570
849670
849770
849870
849970
850070
850170
850270
850370
850470
850570
850670
850770
850870
850970
851070
851170
851270
851370
851470
851570
851670
851770
851870
851970
852070
852170
852270
852370
852470
852570
852670
852770
852870
852970
853070
853170
853270
853370
853470
853570
853670
853770
853870
853970
854070
854170
854270
854370
854470
854570
854670
854770
854870
854970
855070
855170
855270
855370
855470
855570
855670
855770
855870
855970
856070
856170
856270
856370
856470
856570
856670
856770
856870
856970
857070
857170
857270
857370
857470
857570
857670
857770
857870
857970
858070
858170
858270
858370
858470
858570
858670
858770
858870
858970
859070
859170
859270
859370
859470
859570
859670
859770
859870
859970
860070
860170
860270
860370
860470
860570
860670
860770
860870
860970
861070
861170
861270
861370
861470
861570
861670
861770
861870
861970
862070
862170
862270
862370
862470
862570
862670
862770
862870
862970
863070
863170
863270
863370
863470
863570
863670
863770
863870
863970
864070
864170
864270
864370
864470
864570
864670
864770
864870
864970
865070
865170
865270
865370
865470
865570
865670
865770
865870
865970
866070
866170
866270
866370
866470
866570
866670
866770
866870
866970
867070
867170
867270
867370
867470
867570
867670
867770
867870
867970
868070
868170
868270
868370
868470
868570
868670
868770
868870
868970
869070
869170
869270
869370
869470
869570
869670
869770
869870
869970
870070
870170
870270
870370
870470
870570
870670
870770
870870
870970
871070
871170
871270
871370
871470
871570
871670
871770
871870
871970
872070
872170
872270
872370
872470
872570
872670
872770
872870
872970
873070
873170
873270
873370
873470
873570
873670
873770
873870
873970
874070
874170
874270
874370
874470
874570
874670
874770
874870
874970
875070
875170
875270
875370
875470
875570
875670
875770
875870
875970
876070
876170
876270
876370
876470
876570
876670
876770
876870
876970
877070
877170
877270
877370
877470
877570
877670
877770
877870
877970
878070
878170
878270
878370
878470
878570
878670
878770
878870
878970
879070
879170
879270
879370
879470
879570
879670
879770
879870
879970
880070
880170
880270
880370
880470
880570
880670
880770
880870
880970
881070
881170
881270
881370
881470
881570
881670
881770
881870
881970
882070
882170
882270
882370
882470
882570
882670
882770
882870
882970
883070
883170
883270
883370
883470
883570
883670
883770
883870
883970
884070
884170
884270
884370
884470
884570
884670
884770
884870
884970
885070
885170
885270
885370
885470
885570
885670
885770
885870
885970
886070
886170
886270
886370
886470
886570
886670
886770
886870
886970
887070
887170
887270
887370
887470
887570
887670
887770
887870
887970
888070
888170
888270
888370
888470
888570
888670
888770
888870
888970
889070
889170
889270
889370
889470
889570
889670
889770
889870
889970
890070
890170
890270
890370
890470
890570
890670
890770
890870
890970
891070
891170
891270
891370
891470
891570
891670
891770
891870
891970
892070
892170
892270
892370
892470
892570
892670
892770
892870
892970
893070
893170
893270
893370
893470
893570
893670
893770
893870
893970
894070
894170
894270
894370
894470
894570
894670
894770
894870
894970
895070
895170
895270
895370
895470
895570
895670
895770
895870
895970
896070
896170
896270
896370
896470
896570
896670
896770
896870
896970
897070
897170
897270
897370
897470
897570
897670
897770
897870
897970
898070
898170
898270
898370
898470
898570
898670
898770
898870
898970
899070
899170
899270
899370
899470
899570
899670
899770
899870
899970
900070
900170
900270
900370
900470
900570
900670
900770
900870
900970
901070
901170
901270
901370
901470
901570
901670
901770
901870
901970
902070
902170
902270
902370
902470
902570
902670
902770
902870
902970
903070
903170
903270
903370
903470
903570
903670
903770
903870
903970
904070
904170
904270
904370
904470
904570
904670
904770
904870
904970
905070
905170
905270
905370
905470
905570
905670
905770
905870
905970
906070
906170
906270
906370
906470
906570
906670
906770
906870
906970
907070
907170
907270
