150043 49.5628 999950
200040 48.725 999951
250037 47.5323 999952
300034 46.0361 999954
350031 44.2909 999956
400028 42.3522 999958
450024 40.2736 999960
500022 38.1056 999962
550019 35.8941 999964
600016 33.6795 999966
650014 31.4963 999969
700012 29.3729 999971
750010 27.332 999973
800008 25.3907 999975
850007 23.5612 999976
900005 21.8513 999978
950004 20.2652 999980
1e+06 18.8042 999981
1.05e+06 17.467 999983
1.1e+06 16.2507 999984
1.15e+06 15.1511 999985
1.2e+06 14.1628 999986
1.25e+06 13.2804 999987
1.3e+06 12.4981 999988
1.35e+06 11.81 999988
1.4e+06 11.211 999989
1.45e+06 10.6959 999989
1.5e+06 10.2604 999990
1.55e+06 9.90099 999990
1.6e+06 9.61484 999990
1.65e+06 9.40011 999991
1.7e+06 9.25601 999991
1.75e+06 9.18293 999991
1.79999e+06 9.18262 999991
1.84999e+06 9.25838 999991
1.89999e+06 9.41533 999991
1.94999e+06 9.66079 999990
1.99999e+06 10.0047 999990
2.04999e+06 10.4602 999990
2.09999e+06 11.0446 999989
2.14999e+06 11.7801 999988
2.19999e+06 12.6957 999987
2.24998e+06 13.8287 999986
2.29998e+06 15.2275 999985
2.34998e+06 16.9547 999983
2.39997e+06 19.0926 999981
2.44997e+06 21.7491 999978
2.49996e+06 25.0667 999975
2.54995e+06 29.2358 999971
2.59994e+06 34.5116 999965
2.64993e+06 41.2399 999959
2.69991e+06 49.8926 999950
2.74989e+06 61.1196 999939
2.79986e+06 75.8236 999924
2.84982e+06 95.271 999905
2.89976e+06 121.254 999879
2.94969e+06 156.334 999844
2.99958e+06 204.208 999796
3.04943e+06 270.265 999730
3.09922e+06 362.441 999638
3.14892e+06 492.543 999507
3.19847e+06 678.325 999322
3.24782e+06 946.76 999053
3.29685e+06 1339.28 998661
3.3454e+06 1920.21 998080
3.39318e+06 2790.54 997209
3.43975e+06 4110.55 995889
3.48439e+06 6137.55 993862
3.52592e+06 9289.23 990711
3.56237e+06 14251.5 985749
3.5904e+06 22163.4 977837
3.60434e+06 34939 965061
3.59444e+06 55831.5 944168
3.54366e+06 90435.3 909565
3.42203e+06 148483 851517
3.17622e+06 247107 752893
2.71055e+06 416811 583189
1.85289e+06 712529 287471
