1.01011e+07
1.01012e+07
1.01013e+07
1.01014e+07
1.01015e+07
1.01015e+07
1.01016e+07
1.01017e+07
1.01017e+07
1.01018e+07
1.01018e+07
1.01019e+07
1.01019e+07
1.01019e+07
1.0102e+07
1.0102e+07
1.0102e+07
1.0102e+07
1.0102e+07
1.0102e+07
1.0102e+07
1.0102e+07
1.0102e+07
1.01019e+07
1.01019e+07
1.01019e+07
1.01018e+07
1.01018e+07
1.01017e+07
1.01016e+07
1.01016e+07
1.01015e+07
1.01014e+07
1.01013e+07
1.01012e+07
1.01011e+07
1.0101e+07
1.01008e+07
1.01007e+07
1.01005e+07
1.01004e+07
1.01002e+07
1.01e+07
1.00998e+07
1.00996e+07
1.00994e+07
1.00992e+07
1.00989e+07
1.00987e+07
1.00984e+07
1.00981e+07
1.00978e+07
1.00975e+07
1.00972e+07
1.00964e+07
1.00965e+07
1.00966e+07
1.00967e+07
1.00967e+07
1.00968e+07
1.00969e+07
1.00969e+07
1.0097e+07
1.0097e+07
1.0097e+07
1.00971e+07
1.00971e+07
1.00971e+07
1.00971e+07
1.00971e+07
1.00971e+07
1.0097e+07
1.0097e+07
1.0097e+07
1.00969e+07
1.00969e+07
1.00968e+07
1.00968e+07
1.00967e+07
1.00966e+07
1.00965e+07
1.00964e+07
1.00963e+07
1.00962e+07
1.00961e+07
1.00959e+07
1.00958e+07
1.00957e+07
1.00955e+07
1.00953e+07
1.00951e+07
1.0095e+07
1.00948e+07
1.00945e+07
1.00943e+07
1.00941e+07
1.00938e+07
1.00936e+07
1.00933e+07
1.0093e+07
1.00927e+07
1.00924e+07
1.00921e+07
1.00918e+07
1.00914e+07
1.00911e+07
1.00907e+07
1.00903e+07
1.00899e+07
1.00895e+07
1.0089e+07
1.00886e+07
1.00881e+07
1.00876e+07
1.00871e+07
1.00866e+07
1.0086e+07
1.00854e+07
1.00848e+07
1.00842e+07
1.00836e+07
1.00824e+07
1.00824e+07
1.00825e+07
1.00826e+07
1.00827e+07
1.00827e+07
1.00827e+07
1.00828e+07
1.00828e+07
1.00828e+07
1.00828e+07
1.00828e+07
1.00828e+07
1.00827e+07
1.00827e+07
1.00827e+07
1.00826e+07
1.00825e+07
1.00824e+07
1.00824e+07
1.00823e+07
1.00821e+07
1.0082e+07
1.00819e+07
1.00817e+07
1.00816e+07
1.00814e+07
1.00812e+07
1.00811e+07
1.00809e+07
1.00807e+07
1.00804e+07
1.00802e+07
1.008e+07
1.00797e+07
1.00794e+07
1.00791e+07
1.00788e+07
1.00785e+07
1.00782e+07
1.00779e+07
1.00775e+07
1.00772e+07
1.00768e+07
1.00764e+07
1.0076e+07
1.00756e+07
1.00751e+07
1.00747e+07
1.00742e+07
1.00737e+07
1.00732e+07
1.00727e+07
1.00722e+07
1.00716e+07
1.0071e+07
1.00704e+07
1.00698e+07
1.00692e+07
1.00685e+07
1.00679e+07
1.00672e+07
1.00665e+07
1.00657e+07
1.0065e+07
1.00642e+07
1.00634e+07
1.00625e+07
1.00617e+07
1.00608e+07
1.00599e+07
1.0059e+07
1.0058e+07
1.0057e+07
1.0056e+07
1.00549e+07
1.00539e+07
1.00528e+07
1.00516e+07
1.00966e+07
1.00966e+07
1.00967e+07
1.00968e+07
1.00969e+07
1.00969e+07
1.0097e+07
1.0097e+07
1.00971e+07
1.00971e+07
1.00971e+07
1.00972e+07
1.00972e+07
1.00972e+07
1.00972e+07
1.00972e+07
1.00971e+07
1.00971e+07
1.00971e+07
1.0097e+07
1.0097e+07
1.00969e+07
1.00969e+07
1.00968e+07
1.00967e+07
1.00966e+07
1.00965e+07
1.00964e+07
1.00963e+07
1.00962e+07
1.00961e+07
1.00959e+07
1.00958e+07
1.00956e+07
1.00955e+07
1.00953e+07
1.00951e+07
1.00949e+07
1.00947e+07
1.00945e+07
1.00943e+07
1.00941e+07
1.00938e+07
1.00936e+07
1.00933e+07
1.0093e+07
1.00928e+07
1.00925e+07
1.00922e+07
1.00919e+07
1.00915e+07
1.00912e+07
1.00909e+07
1.00905e+07
1.00901e+07
1.00898e+07
1.00894e+07
1.0089e+07
1.00886e+07
1.00881e+07
1.00877e+07
1.00872e+07
1.00868e+07
1.00863e+07
1.00858e+07
1.00853e+07
1.00847e+07
1.00842e+07
1.00836e+07
1.0083e+07
1.00825e+07
1.00818e+07
1.00812e+07
1.00806e+07
1.00799e+07
1.00792e+07
1.00785e+07
1.00778e+07
1.00771e+07
1.00763e+07
1.00756e+07
1.00748e+07
1.00739e+07
1.00731e+07
1.00722e+07
1.00714e+07
1.00705e+07
1.00695e+07
1.00686e+07
1.00676e+07
1.00666e+07
1.01123e+07
1.01124e+07
1.01125e+07
1.01126e+07
1.01127e+07
1.01127e+07
1.01128e+07
1.01128e+07

