1.01011e+07
1.01012e+07
1.01013e+07
1.01014e+07
1.01015e+07
1.01016e+07
1.01017e+07
1.01018e+07
1.01019e+07
1.0102e+07
1.01021e+07
1.01022e+07
1.01023e+07
1.01024e+07
1.01025e+07
1.01026e+07
1.01027e+07
1.01028e+07
1.01029e+07
1.0103e+07
1.01031e+07
1.01032e+07
1.01033e+07
1.01034e+07
1.01035e+07
1.01036e+07
1.01037e+07
1.01038e+07
1.01039e+07
1.0104e+07
1.01041e+07
1.01042e+07
1.01043e+07
1.01044e+07
1.01045e+07
1.01046e+07
1.01047e+07
1.01048e+07
1.01049e+07
1.0105e+07
1.01051e+07
1.01052e+07
1.01053e+07
1.01054e+07
1.01055e+07
1.01056e+07
1.01057e+07
1.01058e+07
1.01059e+07
1.0106e+07
1.01061e+07
1.01061e+07
1.01062e+07
1.01063e+07
1.01064e+07
1.01065e+07
1.01066e+07
1.01067e+07
1.01068e+07
1.01069e+07
1.0107e+07
1.01071e+07
1.01072e+07
1.01073e+07
1.01074e+07
1.01075e+07
1.01076e+07
1.01077e+07
1.01078e+07
1.01079e+07
1.0108e+07
1.01081e+07
1.01082e+07
1.01083e+07
1.01084e+07
1.01085e+07
1.01086e+07
1.01087e+07
1.01088e+07
1.01089e+07
1.0109e+07
1.01091e+07
1.01092e+07
1.01093e+07
1.01094e+07
1.01095e+07
1.01096e+07
1.01097e+07
1.01098e+07
1.01099e+07
1.011e+07
1.01101e+07
1.01102e+07
1.01103e+07
1.01104e+07
1.01105e+07
1.01106e+07
1.01107e+07
1.01108e+07
1.01109e+07
1.0111e+07
1.01111e+07
1.01112e+07
1.01113e+07
1.01114e+07
1.01115e+07
1.01116e+07
1.01116e+07
1.01117e+07
1.01118e+07
1.01119e+07
1.0112e+07
1.01121e+07
1.01122e+07
1.01123e+07
1.01124e+07
1.01125e+07
1.01126e+07
1.01127e+07
1.01128e+07
1.01129e+07
1.0113e+07
1.01131e+07
1.01132e+07
1.01133e+07
1.01134e+07
1.01135e+07
1.01136e+07
1.01137e+07
1.01138e+07
1.01139e+07
1.0114e+07
1.01141e+07
1.01142e+07
1.01143e+07
1.01144e+07
1.01145e+07
1.01146e+07
1.01147e+07
1.01148e+07
1.01149e+07
1.0115e+07
1.01151e+07
1.01152e+07
1.01153e+07
1.01154e+07
1.01155e+07
1.01156e+07
1.01157e+07
1.01158e+07
1.01159e+07
1.0116e+07
1.01161e+07
1.01162e+07
1.01163e+07
1.01164e+07
1.01165e+07
1.01166e+07
1.01167e+07
1.01168e+07
1.01169e+07
1.0117e+07
1.01171e+07
1.01172e+07
1.01173e+07
1.01173e+07
1.01174e+07
1.01175e+07
1.01176e+07
1.01177e+07
1.01178e+07
1.01179e+07
1.0118e+07
1.01181e+07
1.01182e+07
1.01183e+07
1.01184e+07
1.01185e+07
1.01186e+07
1.01187e+07
1.01188e+07
1.01189e+07
1.0119e+07
1.01191e+07
1.01192e+07
1.01193e+07
1.01194e+07
1.01195e+07
1.01196e+07
1.01197e+07
1.01198e+07
1.01199e+07
1.012e+07
1.01201e+07
1.01202e+07
1.01203e+07
1.01204e+07
1.01205e+07
1.01206e+07
1.01207e+07
1.01208e+07
1.01209e+07
1.0121e+07
1.01211e+07
1.01212e+07
1.01213e+07
1.01214e+07
1.01215e+07
1.01216e+07
1.01217e+07
1.01218e+07
1.01219e+07
1.0122e+07
1.01221e+07
1.01222e+07
1.01223e+07
1.01224e+07
1.01225e+07
1.01226e+07
1.01227e+07
1.01228e+07
1.01229e+07
1.0123e+07
1.01231e+07
1.01232e+07
1.01233e+07
1.01234e+07
1.01234e+07
1.01235e+07
1.01236e+07
1.01237e+07
1.01238e+07
1.01239e+07
1.0124e+07
1.01241e+07
1.01242e+07
1.01243e+07
1.01244e+07
1.01245e+07
1.01246e+07
1.01247e+07
1.01248e+07
1.01249e+07
1.0125e+07
1.01251e+07
1.01252e+07
1.01253e+07
1.01254e+07
1.01255e+07
1.01256e+07
1.01257e+07
1.01258e+07
1.01259e+07
1.0126e+07
1.01261e+07
1.01262e+07
1.01263e+07
1.01264e+07
1.01265e+07
1.01266e+07
1.01267e+07
1.01268e+07
1.01269e+07
1.0127e+07
1.01271e+07
1.01272e+07
1.01273e+07
1.01274e+07
1.01275e+07
1.01276e+07
1.01277e+07
1.01278e+07
1.01279e+07
1.0128e+07
1.01281e+07
1.01282e+07
1.01283e+07
1.01284e+07
1.01285e+07
1.01286e+07
1.01287e+07
1.01288e+07
1.01289e+07
1.0129e+07
1.01291e+07
1.01292e+07
1.01293e+07
1.01294e+07
1.01295e+07
1.01296e+07
1.01297e+07
1.01298e+07
1.01298e+07
1.01299e+07
1.013e+07
1.01301e+07
1.01302e+07
1.01303e+07
1.01304e+07
1.01305e+07
1.01306e+07
1.01307e+07
1.01308e+07
1.01309e+07
1.0131e+07
1.01311e+07
1.01312e+07
1.01313e+07
1.01314e+07
1.01315e+07
1.01316e+07
1.01317e+07
1.01318e+07
1.01319e+07
1.0132e+07
1.01321e+07
1.01322e+07
1.01323e+07
1.01324e+07
1.01325e+07
1.01326e+07
1.01327e+07
1.01328e+07
1.01329e+07
1.0133e+07
1.01331e+07
1.01332e+07
1.01333e+07
1.01334e+07
1.01335e+07
1.01336e+07
1.01337e+07
1.01338e+07
1.01339e+07
1.0134e+07
1.01341e+07
1.01342e+07
1.01343e+07
1.01344e+07
1.01345e+07
1.01346e+07
1.01347e+07
1.01348e+07
1.01349e+07
1.0135e+07
1.01351e+07
1.01352e+07
1.01353e+07
1.01354e+07
1.01355e+07
1.01356e+07
1.01357e+07
1.01358e+07
1.01359e+07
1.0136e+07
1.01361e+07
1.01362e+07
1.01363e+07
1.01364e+07
1.01364e+07
1.01365e+07
1.01366e+07
1.01367e+07
1.01368e+07
1.01369e+07
1.0137e+07
1.01371e+07
1.01372e+07
1.01373e+07
1.01374e+07
1.01375e+07
1.01376e+07
1.01377e+07
1.01378e+07
1.01379e+07
1.0138e+07
1.01381e+07
1.01382e+07
1.01383e+07
1.01384e+07
1.01385e+07
1.01386e+07
1.01387e+07
1.01388e+07
1.01389e+07
1.0139e+07
1.01391e+07
1.01392e+07
1.01393e+07
1.01394e+07
1.01395e+07
1.01396e+07
1.01397e+07
1.01398e+07
1.01399e+07
1.014e+07
1.01401e+07
1.01402e+07
1.01403e+07
1.01404e+07
1.01405e+07
1.01406e+07
1.01407e+07
1.01408e+07
1.01409e+07
1.0141e+07
1.01411e+07
1.01412e+07
1.01413e+07
1.01414e+07
1.01415e+07
1.01416e+07
1.01417e+07
1.01418e+07
1.01419e+07
1.0142e+07
1.01421e+07
1.01422e+07
1.01423e+07
1.01424e+07
1.01425e+07
1.01426e+07
1.01427e+07
1.01428e+07
1.01429e+07
1.0143e+07
1.01431e+07
1.01432e+07
1.01433e+07
1.01433e+07
1.01434e+07
1.01435e+07
1.01436e+07
1.01437e+07
1.01438e+07
1.01439e+07
1.0144e+07
1.01441e+07
1.01442e+07
1.01443e+07
1.01444e+07
1.01445e+07
1.01446e+07
1.01447e+07
1.01448e+07
1.01449e+07
1.0145e+07
1.01451e+07
1.01452e+07
1.01453e+07
1.01454e+07
1.01455e+07
1.01456e+07
1.01457e+07
1.01458e+07
1.01459e+07
1.0146e+07
1.01461e+07
1.01462e+07
1.01463e+07
1.01464e+07
1.01465e+07
1.01466e+07
1.01467e+07
1.01468e+07
1.01469e+07
1.0147e+07
1.01471e+07
1.01472e+07
1.01473e+07
1.01474e+07
1.01475e+07
1.01476e+07
1.01477e+07
1.01478e+07
1.01479e+07
1.0148e+07
1.01481e+07
1.01482e+07
1.01483e+07
1.01484e+07
1.01485e+07
1.01486e+07
1.01487e+07
1.01488e+07
1.01489e+07
1.0149e+07
1.01491e+07
1.01492e+07
1.01493e+07
1.01494e+07
1.01495e+07
1.01496e+07
1.01497e+07
1.01498e+07
1.01499e+07
1.015e+07
1.01501e+07
1.01502e+07
1.01502e+07
1.01503e+07
1.01504e+07
1.01505e+07
1.01506e+07
1.01507e+07
1.01508e+07
1.01509e+07
1.0151e+07
1.01511e+07
1.01512e+07
1.01513e+07
1.01514e+07
1.01515e+07
1.01516e+07
1.01517e+07
1.01518e+07
1.01519e+07
1.0152e+07
1.01521e+07
1.01522e+07
1.01523e+07
1.01524e+07
1.01525e+07
1.01526e+07
1.01527e+07
1.01528e+07
1.01529e+07
1.0153e+07
1.01531e+07
1.01532e+07
1.01533e+07
1.01534e+07
1.01535e+07
1.01536e+07
1.01537e+07
1.01538e+07
1.01539e+07
1.0154e+07
1.01541e+07
1.01542e+07
1.01543e+07
1.01544e+07
1.01545e+07
1.01546e+07
1.01547e+07
1.01548e+07
1.01549e+07
1.0155e+07
1.01551e+07
1.01552e+07
1.01553e+07
1.01554e+07
1.01555e+07
1.01556e+07
1.01557e+07
1.01558e+07
1.01559e+07
1.0156e+07
1.01561e+07
1.01562e+07
1.01563e+07
1.01564e+07
1.01565e+07
1.01566e+07
1.01567e+07
1.01568e+07
1.01569e+07
1.0157e+07
1.01571e+07
1.01572e+07
1.01573e+07
1.01573e+07
1.01574e+07
1.01575e+07
1.01576e+07
1.01577e+07
1.01578e+07
1.01579e+07
1.0158e+07
1.01581e+07
1.01582e+07
1.01583e+07
1.01584e+07
1.01585e+07
1.01586e+07
1.01587e+07
1.01588e+07
1.01589e+07
1.0159e+07
1.01591e+07
1.01592e+07
1.01593e+07
1.01594e+07
1.01595e+07
1.01596e+07
1.01597e+07
1.01598e+07
1.01599e+07
1.016e+07
1.01601e+07
1.01602e+07
1.01603e+07
1.01604e+07
1.01605e+07
1.01606e+07
1.01607e+07
1.01608e+07
1.01609e+07
1.0161e+07
1.01611e+07
1.01612e+07
1.01613e+07
1.01614e+07
1.01615e+07
1.01616e+07
1.01617e+07
1.01618e+07
1.01619e+07
1.0162e+07
1.01621e+07
1.01622e+07
1.01623e+07
1.01624e+07
1.01625e+07
1.01626e+07
1.01627e+07
1.01628e+07
1.01629e+07
1.0163e+07
1.01631e+07
1.01632e+07
1.01633e+07
1.01634e+07
1.01635e+07
1.01636e+07
1.01637e+07
1.01638e+07
1.01639e+07
1.0164e+07
1.01641e+07
1.01642e+07
1.01643e+07
1.01644e+07
1.01644e+07
1.01645e+07
1.01646e+07
1.01647e+07
1.01648e+07
1.01649e+07
1.0165e+07
1.01651e+07
1.01652e+07
1.01653e+07
1.01654e+07
1.01655e+07
1.01656e+07
1.01657e+07
1.01658e+07
1.01659e+07
1.0166e+07
1.01661e+07
1.01662e+07
1.01663e+07
1.01664e+07
1.01665e+07
1.01666e+07
1.01667e+07
1.01668e+07
1.01669e+07
1.0167e+07
1.01671e+07
1.01672e+07
1.01673e+07
1.01674e+07
1.01675e+07
1.01676e+07
1.01677e+07
1.01678e+07
1.01679e+07
1.0168e+07
1.01681e+07
1.01682e+07
1.01683e+07
1.01684e+07
1.01685e+07
1.01686e+07
1.01687e+07
1.01688e+07
1.01689e+07
1.0169e+07
1.01691e+07
1.01692e+07
1.01693e+07
1.01694e+07
1.01695e+07
1.01696e+07
1.01697e+07
1.01698e+07
1.01699e+07
1.017e+07
1.01701e+07
1.01702e+07
1.01703e+07
1.01704e+07
1.01705e+07
1.01706e+07
1.01707e+07
1.01708e+07
1.01709e+07
1.0171e+07
1.01711e+07
1.01712e+07
1.01713e+07
1.01714e+07
1.01715e+07
1.01716e+07
1.01716e+07
1.01717e+07
1.01718e+07
1.01719e+07
1.0172e+07
1.01721e+07
1.01722e+07
1.01723e+07
1.01724e+07
1.01725e+07
1.01726e+07
1.01727e+07
1.01728e+07
1.01729e+07
1.0173e+07
1.01731e+07
1.01732e+07
1.01733e+07
1.01734e+07
1.01735e+07
1.01736e+07
1.01737e+07
1.01738e+07
1.01739e+07
1.0174e+07
1.01741e+07
1.01742e+07
1.01743e+07
1.01744e+07
1.01745e+07
1.01746e+07
1.01747e+07
1.01748e+07
1.01749e+07
1.0175e+07
1.01751e+07
1.01752e+07
1.01753e+07
1.01754e+07
1.01755e+07
1.01756e+07
1.01757e+07
1.01758e+07
1.01759e+07
1.0176e+07
1.01761e+07
1.01762e+07
1.01763e+07
1.01764e+07
1.01765e+07
1.01766e+07
1.01767e+07
1.01768e+07
1.01769e+07
1.0177e+07
1.01771e+07
1.01772e+07
1.01773e+07
1.01774e+07
1.01775e+07
1.01776e+07
1.01777e+07
1.01778e+07
1.01779e+07
1.0178e+07
1.01781e+07
1.01782e+07
1.01783e+07
1.01784e+07
1.01785e+07
1.01786e+07
1.01787e+07
1.01787e+07
1.01788e+07
1.01789e+07
1.0179e+07
1.01791e+07
1.01792e+07
1.01793e+07
1.01794e+07
1.01795e+07
1.01796e+07
1.01797e+07
1.01798e+07
1.01799e+07
1.018e+07
1.01801e+07
1.01802e+07
1.01803e+07
1.01804e+07
1.01805e+07
1.01806e+07
1.01807e+07
1.01808e+07
1.01809e+07
1.0181e+07
1.01811e+07
1.01812e+07
1.01813e+07
1.01814e+07
1.01815e+07
1.01816e+07
1.01817e+07
1.01818e+07
1.01819e+07
1.0182e+07
1.01821e+07
1.01822e+07
1.01823e+07
1.01824e+07
1.01825e+07
1.01826e+07
1.01827e+07
1.01828e+07
1.01829e+07
1.0183e+07
1.01831e+07
1.01832e+07
1.01833e+07
1.01834e+07
1.01835e+07
1.01836e+07
1.01837e+07
1.01838e+07
1.01839e+07
1.0184e+07
1.01841e+07
1.01842e+07
1.01843e+07
1.01844e+07
1.01845e+07
1.01846e+07
1.01847e+07
1.01848e+07
1.01849e+07
1.0185e+07
1.01851e+07
1.01852e+07
1.01853e+07
1.01854e+07
1.01855e+07
1.01856e+07
1.01857e+07
1.01858e+07
1.01858e+07
1.01859e+07
1.0186e+07
1.01861e+07
1.01862e+07
1.01863e+07
1.01864e+07
1.01865e+07
1.01866e+07
1.01867e+07
1.01868e+07
1.01869e+07
1.0187e+07
1.01871e+07
1.01872e+07
1.01873e+07
1.01874e+07
1.01875e+07
1.01876e+07
1.01877e+07
1.01878e+07
1.01879e+07
1.0188e+07
1.01881e+07
1.01882e+07
1.01883e+07
1.01884e+07
1.01885e+07
1.01886e+07
1.01887e+07
1.01888e+07
1.01889e+07
1.0189e+07
1.01891e+07
1.01892e+07
1.01893e+07
1.01894e+07
1.01895e+07
1.01896e+07
1.01897e+07
1.01898e+07
1.01899e+07
1.019e+07
1.01901e+07
1.01902e+07
1.01903e+07
1.01904e+07
1.01905e+07
1.01906e+07
1.01907e+07
1.01908e+07
1.01909e+07
1.0191e+07
1.01911e+07
1.01912e+07
1.01913e+07
1.01914e+07
1.01915e+07
1.01916e+07
1.01917e+07
1.01918e+07
1.01919e+07
1.0192e+07
1.01921e+07
1.01922e+07
1.01923e+07
1.01924e+07
1.01925e+07
1.01926e+07
1.01927e+07
1.01928e+07
1.01929e+07
1.01929e+07
1.0193e+07
1.01931e+07
1.01932e+07
1.01933e+07
1.01934e+07
1.01935e+07
1.01936e+07
1.01937e+07
1.01938e+07
1.01939e+07
1.0194e+07
1.01941e+07
1.01942e+07
1.01943e+07
1.01944e+07
1.01945e+07
1.01946e+07
1.01947e+07
1.01948e+07
1.01949e+07
1.0195e+07
1.01951e+07
1.01952e+07
1.01953e+07
1.01954e+07
1.01955e+07
1.01956e+07
1.01957e+07
1.01958e+07
1.01959e+07
1.0196e+07
1.01961e+07
1.01962e+07
1.01963e+07
1.01964e+07
1.01965e+07
1.01966e+07
1.01967e+07
1.01968e+07
1.01969e+07
1.0197e+07
1.01971e+07
1.01972e+07
1.01973e+07
1.01974e+07
1.01975e+07
1.01976e+07
1.01977e+07
1.01978e+07
1.01979e+07
1.0198e+07
1.01981e+07
1.01982e+07
1.01983e+07
1.01984e+07
1.01985e+07
1.01986e+07
1.01987e+07
1.01988e+07
1.01989e+07
1.0199e+07
1.01991e+07
1.01992e+07
1.01993e+07
1.01994e+07
1.01995e+07
