0.732 0.065 0.628 0.224 0.41  0.416 0.301 0.966 0.174 0.217 0.733 0.019 0.903 0.077 0.386 0.77  0.041 0.516 0.658 0.756 
0.076 0.897 0.851 0.787 0.801 0.443 0.479 0.858 0.429 0.371 0.241 0.434 0.452 0.497 0.011 0.96  0.32  0.56  0.843 0.466 
0.362 0.642 0.938 0.995 0.029 0.827 0.206 0.751 0.388 0.798 0.781 0.225 0.078 0.725 0.987 0.277 0.979 0.146 0.526 0.36 
0.733 0.972 0.071 0.827 0.441 0.15  0.714 0.845 0.133 0.953 0.633 0.225 0.714 0.256 0.499 0.568 0.725 0.82  0.052 0.941 strong
0.46  0.053 0.787 0.479 0.567 0.397 0.609 0.022 0.165 0.384 0.243 0.101 0.457 0.03  0.3   0.089 0.674 0.45  0.088 0.413 
0.369 0.82  0.259 0.322 0.236 0.113 0.493 0.985 0.981 0.103 0.867 0.388 0.979 0.465 0.921 0.031 0.876 0.594 0.016 0.048 
0.992 0.002 0.722 0.915 0.601 0.877 0.821 0.226 0.036 0.805 0.245 0.477 0.926 0.109 0.109 0.108 0.67  0.744 0.013 0.932 winner 
0.233 0.89  0.053 0.28  0.527 0.831 0.163 0.631 0.843 0.31  0.207 0.011 0.893 0.48  0.049 0.806 0.959 0.172 0.931 0.977 
0.269 0.817 0.529 0.134 0.721 0.042 0.366 0.064 0.05  0.292 0.811 0.872 0.219 0.643 0.538 0.794 0.895 0.873 0.856 0.756 
0.427 0.51  0.922 0.309 0.838 0.187 0.508 0.623 0.856 0.886 0.679 0.689 0.969 0.812 0.638 0.517 0.875 0.161 0.241 0.23 

0.589 0.769 0.008 0.417 0.17  0.245 0.601 0.593 0.326 0.779 0.604 0.854 0.93  0.375 0.654 0.462 0.004 0.896 0.662 0.202 
0.471 0.35  0.001 0.157 0.923 0.955 0.999 0.098 0.929 0.658 0.611 0.425 0.681 0.823 0.257 0.81  0.058 0.9   0.23  0.392 
0.385 0.496 0.965 0.766 0.718 0.128 0.817 0.64  0.675 0.958 0.528 0.242 0.601 0.678 0.909 0.748 0.318 0.61  0.579 0.332 
0.07  0.431 0.884 0.924 0.337 0.524 0.456 0.903 0.093 0.504 0.457 0.568 0.452 0.388 0.09  0.978 0.62  0.195 0.952 0.775 
0.522 0.98  0.51  0.639 0.859 0.066 0.447 0.346 0.391 0.92  0.625 0.209 0.521 0.646 0.551 0.233 0.668 0.408 0.613 0.194 
0.338 0.508 0.042 0.127 0.937 0.006 0.037 0.011 0.593 0.332 0.996 0.824 0.147 0.045 0.429 0.564 0.451 0.308 0.096 0.885 
0.49  0.91  0.072 0.256 0.657 0.13  0.422 0.893 0.591 0.498 0.242 0.647 0.342 0.499 0.915 0.803 0.974 0.877 0.302 0.711 
0.125 0.934 0.193 0.38  0.123 0.338 0.344 0.572 0.806 0.813 0.85  0.357 0.486 0.519 0.844 0.326 0.575 0.189 0.69  0.832 
0.893 0.514 0.64  0.484 0.525 0.416 0.525 0.896 0.366 0.512 0.787 0.243 0.999 0.916 0.57  0.212 0.318 0.667 0.219 0.228 winner
0.089 0.448 0.073 0.495 0.253 0.545 0.244 0.215 0.802 0.738 0.107 0.968 0.795 0.625 0.297 0.202 0.365 0.59  0.942 0.569 

0.133412 0.214448 0.672991 0.557367 0.480285 0.975393 0.420002 0.0563297 0.192707 0.279672 
0.416941 0.358245 0.0450336 0.00758994 0.0197338 0.361787 0.394171 0.471588 0.0936093 0.482214 winner
0.237551 0.249671 0.0616386 0.162061 0.163446 0.112196 0.229933 0.316504 0.228548 0.00623312 
0.183656 0.0405976 0.143058 0.00386644 0.0132564 0.148582 0.159076 0.0256842 0.0767765 0.19636 
0.136145 0.0710227 0.0946241 0.0100524 0.127622 0.0791084 0.0369318 0.196897 0.0406469 0.139642 
0.0156147 0.0170843 0.166985 0.0338012 0.0663164 0.0464766 0.175619 0.13447 0.164046 0.15633 
0.0533565 0.146265 0.152314 0.0159759 0.105162 0.00108574 0.137269 0.0127187 0.125171 0.0335029 
0.11497 0.0422741 0.111809 0.0333188 0.109175 0.0192275 0.121159 0.106805 0.0345041 0.116945 
0.0319083 0.0173414 0.110638 0.102315 0.00971121 0.00774584 0.1148 0.0593077 0.0610419 0.00208097 
0.0635312 0.0123301 0.079832 0.0958193 0.0355273 0.0776376 0.0687558 0.0515146 0.00564257 0.00417968 

0.346254 0.0261324 0.81446 0.564024 0.400697 0.11324 0.613023 0.051176 1.0551 0.589068 1.0257 0.561847 0.664199 0.12304 0.56838 0.396341 0.469294 0.242814 0.399608 0.97561 
0.00547285 0.235333 0.577933 0.513354 0.988398 0.11493 0.764011 0.994965 0.0437828 0.0207968 0.453152 1.09457 0.007662 0.398424 0.722417 0.693958 0.824212 0.877846 0.661121 0.007662 
0.015922 0.330381 0.700567 0.144293 0.617972 0.0507513 0.573191 0.674694 0.684645 0.629913 0.224898 0.891631 0.270674 0.781172 0.84287 0.296547 0.887651 0.912529 0.384118 0.0855807 
0.347992 0.718164 0.385468 0.205736 0.410707 0.741874 0.316635 0.760994 0.512428 0.759465 0.289866 0.456597 0.500191 0.559847 0.731931 0.452008 0.260038 0.637859 0.764054 0.188145 
0.73337 0.0396167 0.668878 0.859591 0.665193 0.371292 0.886309 0.0543578 0.707573 0.836558 0.0497512 0.50304 0.0912106 0.11885 0.247835 0.827345 0.611756 0.872489 0.0727842 0.7822 
0.638326 0.717786 0.562839 0.219838 0.197325 0.288703 1.323 0.231757 0.701894 0.496623 0.16819 0.366839 0.241028 0.127135 1.15217 0.471461 0.472785 0.476758 0.560191 0.585353 
0.889156 0.241108 0.197469 0.367663 1.02989 0.872791 0.098189 0.370936 0.0894611 0.795331 0.876064 0.769147 0.768056 0.483308 0.547676 0.866245 0.164739 0.0360026 0.0327297 0.504037 winner
0.758334 0.161488 0.21154 0.037775 0.557182 0.685617 0.190764 0.501464 0.191708 0.866937 0.382472 0.705449 0.679951 0.903768 0.415526 0.254982 0.691283 0.890547 0.762112 0.1511 
0.433258 0.883596 0.0979775 0.654382 0.705618 0.209438 0.0880899 0.134831 0.756854 0.473708 0.875506 0.247191 0.629213 0.779326 0.186966 0.878202 0.597753 0.804494 0.422472 0.141124 
0.00364664 0.844197 0.698332 0.0975476 0.315434 0.75759 0.684657 0.099371 0.821406 0.836904 0.41207 0.309053 0.248883 0.829611 0.0610812 0.456742 0.810466 0.707448 0.787674 0.217887 

0.755909 0.000820749 0.0984898 0.768221 0.488345 0.345535 0.344714 0.74606 0.522817 0.686967 0.474393 0.769862 0.762475 0.016415 0.580269 0.467827 0.488345 0.495732 0.799409 0.387393 
0.839272 0.234018 0.212743 0.0744602 0.345708 0.479736 1.06159 0.215934 0.515903 0.279757 0.82438 0.176577 0.902032 0.842464 0.332943 0.903095 0.366982 0.966918 0.368046 0.0574407 second
0.0517063 0.735379 0.511318 0.997357 0.194186 0.206825 0.836493 0.384925 0.443525 0.245892 1.12145 0.213719 0.934161 0.365391 0.960588 0.831897 0.163162 0.565322 0.164311 0.0723888 
0.0243072 0.482499 0.910306 0.539621 0.935829 0.159212 0.171366 0.040107 1.16675 0.764463 0.90666 0.633204 0.55299 0.0595527 0.78877 0.515314 0.239426 0.123967 0.384054 0.601604 
0.130323 0.102617 1.00462 0.90508 0.0995382 0.285274 0.309903 0.182658 0.57568 0.067727 0.324269 0.661878 0.233966 0.249359 0.953309 0.886609 0.940995 0.951257 0.922524 0.212417 
0.30662 0.770906 0.821429 0.739547 0.485192 0.612369 0.578397 0.737805 0.702962 0.550523 0.146341 0.741289 0.54007 0.289199 0.112369 0.108885 0.66115 0.288328 0.511324 0.295296 
0.313745 0.571464 0.113297 0.769422 0.93501 0.61504 0.530378 0.994771 0.143177 0.29009 1.04457 0.479333 0.0186753 0.192978 0.369771 0.822958 0.173058 0.276394 0.738297 0.60757 
0.238883 0.880191 0.366593 0.385888 0.423558 0.449283 0.45939 0.0955531 0.100147 0.562293 0.674384 0.333517 0.574237 0.818633 0.601801 0.374862 0.646821 0.691841 0.608232 0.713892 
0.929204 0.893805 0.71792 0.466814 0.108407 0.411504 0.198009 1.01991 0.570796 0.233407 0.276549 0.256637 0.482301 0.462389 0.727876 0.435841 0.221239 0.0884956 0.589602 0.909292 winner
0.279796 0.798154 0.963087 0.344591 0.307285 0.426075 0.614569 0.192421 0.687218 0.636167 0.211074 0.521304 0.157078 0.931671 0.537012 0.644021 0.0107991 0.530139 0.289613 0.917927 

0.784566 0.144695 0.311897 0.138264 0.265273 0.188103 0.202572 0.493569 0.11254 0.0996785 1.55145 0.400322 0.0884244 1.15756 0.506431 1.30868 0.389068 0.252412 1.01286 0.59164 
0.539021 0.628398 0.619184 0.0709481 0.539943 0.41371 0.745416 0.821893 0.304063 0.5252 0.47268 0.133604 0.0663411 0.476366 0.82005 0.548236 0.838478 0.273657 0.539943 0.622869 
0.62896 0.180709 0.490495 0.442384 0.0985684 0.705234 0.120864 0.754518 0.100915 1.01502 0.640695 0.326215 0.221779 0.363764 0.908238 0.570289 0.892983 0.691152 0.207698 0.639521 
0.0145854 0.253562 0.885224 0.632784 0.159318 0.500393 0.363514 0.249074 0.40166 0.685516 0.560978 0.363514 0.489173 0.189611 0.908785 0.571076 1.01986 0.0594637 0.72254 0.969371 
0.893066 0.738968 0.43194 0.0665421 0.74714 0.043194 0.420266 0.661919 0.30586 0.107401 0.823021 0.650245 0.357226 0.455288 0.428438 0.175111 1.01915 0.664254 0.769321 0.241653 winner
0.626512 0.292084 0.64466 0.556516 0.508123 0.273073 0.737988 0.570342 0.781196 0.109748 0.738852 0.0233322 0.826132 0.76737 0.355168 0.221224 0.778604 0.589354 0.0362945 0.563429 
0.830731 0.529877 0.213408 0.851551 0.999375 1.00354 0.557985 0.0905684 0.0999375 0.295649 0.00520508 0.816157 0.0864043 0.107225 0.601707 0.218613 1.02956 0.930668 0.301895 0.42994 winner
0.0619743 1.00708 0.704958 0.65073 0.0442674 0.488048 0.925188 0.868747 0.175963 0.379593 0.101815 0.668437 0.616423 0.287738 0.436034 0.718238 0.43714 0.0132802 0.820053 0.59429 
0.74735 0.537186 0.794456 0.78268 0.577951 0.0443881 0.22194 0.550775 0.528128 0.46381 0.28807 0.429387 0.849715 0.0516351 0.570704 0.234623 0.775433 0.570704 0.326116 0.654951 
0.196 0.991054 0.643281 0.299528 0.238215 0.293497 0.1568 0.404061 0.449291 0.268369 0.101518 0.91366 0.686501 0.620163 0.371897 0.870439 0.538748 0.725701 0.857373 0.373907 
