1.01012e+07
1.01012e+07
1.01014e+07
1.01014e+07
1.01016e+07
1.01016e+07
1.01018e+07
1.01018e+07
1.0102e+07
1.0102e+07
1.01022e+07
1.01022e+07
1.01024e+07
1.01024e+07
1.01026e+07
1.01027e+07
1.01028e+07
1.01029e+07
1.0103e+07
1.01031e+07
1.01032e+07
1.01033e+07
1.01034e+07
1.01035e+07
1.01036e+07
1.01037e+07
1.01038e+07
1.01039e+07
1.0104e+07
1.01041e+07
1.01042e+07
1.01043e+07
1.01044e+07
1.01045e+07
1.01046e+07
1.01047e+07
1.01048e+07
1.01049e+07
1.0105e+07
1.01051e+07
1.01052e+07
1.01053e+07
1.01054e+07
1.01055e+07
1.01056e+07
1.01057e+07
1.01058e+07
1.01059e+07
1.0106e+07
1.01061e+07
1.01062e+07
1.01063e+07
1.01064e+07
1.01065e+07
1.01066e+07
1.01067e+07
1.01068e+07
1.01069e+07
1.0107e+07
1.01071e+07
1.01072e+07
1.01073e+07
1.01074e+07
1.01075e+07
1.01076e+07
1.01077e+07
1.01078e+07
1.01079e+07
1.0108e+07
1.01081e+07
1.01082e+07
1.01083e+07
1.01084e+07
1.01085e+07
1.01086e+07
1.01087e+07
1.01088e+07
1.01089e+07
1.0109e+07
1.01091e+07
1.01092e+07
1.01093e+07
1.01094e+07
1.01095e+07
1.01096e+07
1.01097e+07
1.01098e+07
1.01099e+07
1.011e+07
1.01101e+07
1.01102e+07
1.01103e+07
1.01104e+07
1.01105e+07
1.01106e+07
1.01107e+07
1.01108e+07
1.01109e+07
1.0111e+07
1.01111e+07
1.01112e+07
1.01113e+07
1.01114e+07
1.01115e+07
1.01116e+07
1.01117e+07
1.01118e+07
1.01119e+07
1.0112e+07
1.01121e+07
1.01122e+07
1.01123e+07
1.01124e+07
1.01124e+07
1.01126e+07
1.01126e+07
1.01128e+07
1.01128e+07
1.0113e+07
1.0113e+07
1.01132e+07
1.01132e+07
1.01134e+07
1.01134e+07
1.01136e+07
1.01136e+07
1.01138e+07
1.01138e+07
1.0114e+07
1.0114e+07
1.01142e+07
1.01142e+07
1.01144e+07
1.01144e+07
1.01146e+07
1.01146e+07
1.01148e+07
1.01148e+07
1.0115e+07
1.0115e+07
1.01152e+07
1.01152e+07
1.01154e+07
1.01154e+07
1.01156e+07
1.01156e+07
1.01158e+07
1.01158e+07
1.0116e+07
1.0116e+07
1.01162e+07
1.01162e+07
1.01164e+07
1.01164e+07
1.01166e+07
1.01166e+07
1.01168e+07
1.01168e+07
1.0117e+07
1.0117e+07
1.01172e+07
1.01172e+07
1.01174e+07
1.01174e+07
1.01176e+07
1.01176e+07
1.01178e+07
1.01178e+07
1.0118e+07
1.0118e+07
1.01182e+07
1.01182e+07
1.01184e+07
1.01184e+07
1.01186e+07
1.01186e+07
1.01188e+07
1.01188e+07
1.0119e+07
1.0119e+07
1.01192e+07
1.01192e+07
1.01194e+07
1.01194e+07
1.01196e+07
1.01196e+07
1.01198e+07
1.01198e+07
1.012e+07
1.012e+07
1.01202e+07
1.01202e+07
1.01204e+07
1.01204e+07
1.01206e+07
1.01206e+07
1.01208e+07
1.01208e+07
1.0121e+07
1.0121e+07
1.01212e+07
1.01212e+07
1.01214e+07
1.01214e+07
1.01216e+07
1.01216e+07
1.01218e+07
1.01218e+07
1.0122e+07
1.0122e+07
1.01222e+07
1.01222e+07
1.01224e+07
1.01224e+07
1.01226e+07
1.01226e+07
1.01228e+07
1.01228e+07
1.0123e+07
1.0123e+07
1.01232e+07
1.01232e+07
1.01234e+07
1.01234e+07
1.01236e+07
1.01236e+07
1.01238e+07
1.01238e+07
1.0124e+07
1.0124e+07
1.01242e+07
1.01242e+07
1.01244e+07
1.01244e+07
1.01246e+07
1.01246e+07
1.01248e+07
1.01248e+07
1.0125e+07
1.0125e+07
1.01252e+07
1.01252e+07
1.01254e+07
1.01254e+07
1.01256e+07
1.01256e+07
1.01258e+07
1.01258e+07
1.0126e+07
1.0126e+07
1.01262e+07
1.01262e+07
1.01264e+07
1.01264e+07
1.01266e+07
1.01266e+07
1.01268e+07
1.01268e+07
1.0127e+07
1.0127e+07
1.01272e+07
1.01272e+07
1.01274e+07
1.01274e+07
1.01276e+07
1.01276e+07
1.01278e+07
1.01278e+07
1.0128e+07
1.0128e+07
1.01282e+07
1.01282e+07
1.01284e+07
1.01284e+07
1.01286e+07
1.01286e+07
1.01288e+07
1.01288e+07
1.0129e+07
1.0129e+07
1.01292e+07
1.01292e+07
1.01294e+07
1.01294e+07
1.01296e+07
1.01296e+07
1.01298e+07
1.01298e+07
1.013e+07
1.013e+07
1.01302e+07
1.01302e+07
1.01304e+07
1.01304e+07
1.01306e+07
1.01306e+07
1.01308e+07
1.01308e+07
1.0131e+07
1.0131e+07
1.01312e+07
1.01312e+07
1.01314e+07
1.01314e+07
1.01316e+07
1.01316e+07
1.01318e+07
1.01318e+07
1.0132e+07
1.0132e+07
1.01322e+07
1.01322e+07
1.01324e+07
1.01324e+07
1.01326e+07
1.01326e+07
1.01328e+07
1.01328e+07
1.0133e+07
1.0133e+07
1.01332e+07
1.01332e+07
1.01334e+07
1.01334e+07
1.01336e+07
1.01336e+07
1.01338e+07
1.01338e+07
1.0134e+07
1.0134e+07
1.01342e+07
1.01342e+07
1.01344e+07
1.01344e+07
1.01346e+07
1.01346e+07
1.01348e+07
1.01348e+07
1.0135e+07
1.0135e+07
1.01352e+07
1.01352e+07
1.01354e+07
1.01354e+07
1.01356e+07
1.01356e+07
1.01358e+07
1.01358e+07
1.0136e+07
1.0136e+07
1.01362e+07
1.01362e+07
1.01364e+07
1.01364e+07
1.01366e+07
1.01366e+07
1.01368e+07
1.01368e+07
1.0137e+07
1.0137e+07
1.01372e+07
1.01372e+07
1.01374e+07
1.01374e+07
1.01376e+07
1.01376e+07
1.01378e+07
1.01378e+07
1.0138e+07
1.0138e+07
1.01382e+07
1.01382e+07
1.01384e+07
1.01384e+07
1.01386e+07
1.01386e+07
1.01388e+07
1.01388e+07
1.0139e+07
1.0139e+07
1.01392e+07
1.01392e+07
1.01394e+07
1.01394e+07
1.01396e+07
1.01396e+07
1.01398e+07
1.01398e+07
1.014e+07
1.014e+07
1.01402e+07
1.01402e+07
1.01404e+07
1.01404e+07
1.01406e+07
1.01406e+07
1.01408e+07
1.01408e+07
1.0141e+07
1.0141e+07
1.01412e+07
1.01412e+07
1.01414e+07
1.01414e+07
1.01416e+07
1.01416e+07
1.01418e+07
1.01418e+07
1.0142e+07
1.0142e+07
1.01422e+07
1.01422e+07
1.01424e+07
1.01424e+07
1.01426e+07
1.01426e+07
1.01428e+07
1.01428e+07
1.0143e+07
1.0143e+07
1.01432e+07
1.01432e+07
1.01434e+07
1.01434e+07
1.01436e+07
1.01436e+07
1.01438e+07
1.01438e+07
1.0144e+07
1.0144e+07
1.01442e+07
1.01442e+07
1.01444e+07
1.01444e+07
1.01446e+07
1.01446e+07
1.01448e+07
1.01448e+07
1.0145e+07
1.0145e+07
1.01452e+07
1.01452e+07
1.01454e+07
1.01454e+07
1.01456e+07
1.01456e+07
1.01458e+07
1.01458e+07
1.0146e+07
1.0146e+07
1.01462e+07
1.01462e+07
1.01464e+07
1.01464e+07
1.01466e+07
1.01466e+07
1.01468e+07
1.01468e+07
1.0147e+07
1.0147e+07
1.01472e+07
1.01472e+07
1.01474e+07
1.01474e+07
1.01476e+07
1.01476e+07
1.01478e+07
1.01478e+07
1.0148e+07
1.0148e+07
1.01482e+07
1.01482e+07
1.01484e+07
1.01484e+07
1.01486e+07
1.01486e+07
1.01488e+07
1.01488e+07
1.0149e+07
1.0149e+07
1.01492e+07
1.01492e+07
1.01494e+07
1.01494e+07
1.01496e+07
1.01496e+07
1.01498e+07
1.01498e+07
1.015e+07
1.015e+07
1.01502e+07
1.01502e+07
1.01504e+07
1.01504e+07
1.01506e+07
1.01506e+07
1.01508e+07
1.01508e+07
1.0151e+07
1.0151e+07
1.01512e+07
1.01512e+07
1.01514e+07
1.01514e+07
1.01516e+07
1.01516e+07
1.01518e+07
1.01518e+07
1.0152e+07
1.0152e+07
1.01522e+07
1.01522e+07
1.01524e+07
1.01524e+07
1.01526e+07
1.01526e+07
1.01528e+07
1.01528e+07
1.0153e+07
1.0153e+07
1.01532e+07
1.01532e+07
1.01534e+07
1.01534e+07
1.01536e+07
1.01536e+07
1.01538e+07
1.01538e+07
1.0154e+07
1.0154e+07
1.01542e+07
1.01542e+07
1.01544e+07
1.01544e+07
1.01546e+07
1.01546e+07
1.01548e+07
1.01548e+07
1.0155e+07
1.0155e+07
1.01552e+07
1.01552e+07
1.01554e+07
1.01554e+07
1.01556e+07
1.01556e+07
1.01558e+07
1.01558e+07
1.0156e+07
1.0156e+07
1.01562e+07
1.01562e+07
1.01564e+07
1.01564e+07
1.01566e+07
1.01566e+07
1.01568e+07
1.01568e+07
1.0157e+07
1.0157e+07
1.01572e+07
1.01572e+07
1.01574e+07
1.01574e+07
1.01576e+07
1.01576e+07
1.01578e+07
1.01578e+07
1.0158e+07
1.0158e+07
1.01582e+07
1.01582e+07
1.01584e+07
1.01584e+07
1.01586e+07
1.01586e+07
1.01588e+07
1.01588e+07
1.0159e+07
1.0159e+07
1.01592e+07
1.01592e+07
1.01594e+07
1.01594e+07
1.01596e+07
1.01596e+07
1.01598e+07
1.01598e+07
1.016e+07
1.016e+07
1.01602e+07
1.01602e+07
1.01604e+07
1.01604e+07
1.01606e+07
1.01606e+07
1.01608e+07
1.01608e+07
1.0161e+07
1.0161e+07
1.01612e+07
1.01612e+07
1.01614e+07
1.01614e+07
1.01616e+07
1.01616e+07
1.01618e+07
1.01618e+07
1.0162e+07
1.0162e+07
1.01622e+07
1.01622e+07
1.01624e+07
1.01624e+07
1.01626e+07
1.01626e+07
1.01628e+07
1.01628e+07
1.0163e+07
1.0163e+07
1.01632e+07
1.01632e+07
1.01634e+07
1.01634e+07
1.01636e+07
1.01636e+07
1.01638e+07
1.01638e+07
1.0164e+07
1.0164e+07
1.01642e+07
1.01642e+07
1.01644e+07
1.01644e+07
1.01646e+07
1.01646e+07
1.01648e+07
1.01648e+07
1.0165e+07
1.0165e+07
1.01652e+07
1.01652e+07
1.01654e+07
1.01654e+07
1.01656e+07
1.01656e+07
1.01658e+07
1.01658e+07
1.0166e+07
1.0166e+07
1.01662e+07
1.01662e+07
1.01664e+07
1.01664e+07
1.01666e+07
1.01666e+07
1.01668e+07
1.01668e+07
1.0167e+07
1.0167e+07
1.01672e+07
1.01672e+07
1.01674e+07
1.01674e+07
1.01676e+07
1.01676e+07
1.01678e+07
1.01678e+07
1.0168e+07
1.0168e+07
1.01682e+07
1.01682e+07
1.01684e+07
1.01684e+07
1.01686e+07
1.01686e+07
1.01688e+07
1.01688e+07
1.0169e+07
1.0169e+07
1.01692e+07
1.01692e+07
1.01694e+07
1.01694e+07
1.01696e+07
1.01696e+07
1.01698e+07
1.01698e+07
1.017e+07
1.017e+07
1.01702e+07
1.01702e+07
1.01704e+07
1.01704e+07
1.01706e+07
1.01706e+07
1.01708e+07
1.01708e+07
1.0171e+07
1.0171e+07
1.01712e+07
1.01712e+07
1.01714e+07
1.01714e+07
1.01716e+07
1.01716e+07
1.01718e+07
1.01718e+07
1.0172e+07
1.0172e+07
1.01722e+07
1.01722e+07
1.01724e+07
1.01724e+07
1.01726e+07
1.01726e+07
1.01728e+07
1.01728e+07
1.0173e+07
1.0173e+07
1.01732e+07
1.01732e+07
1.01734e+07
1.01734e+07
1.01736e+07
1.01736e+07
1.01738e+07
1.01738e+07
1.0174e+07
1.0174e+07
1.01742e+07
1.01742e+07
1.01744e+07
1.01744e+07
1.01746e+07
1.01746e+07
1.01748e+07
1.01748e+07
1.0175e+07
1.0175e+07
1.01752e+07
1.01752e+07
1.01754e+07
1.01754e+07
1.01756e+07
1.01756e+07
1.01758e+07
1.01758e+07
1.0176e+07
1.0176e+07
1.01762e+07
1.01762e+07
1.01764e+07
1.01764e+07
1.01766e+07
1.01766e+07
1.01768e+07
1.01768e+07
1.0177e+07
1.0177e+07
1.01772e+07
1.01772e+07
1.01774e+07
1.01774e+07
1.01776e+07
1.01776e+07
1.01778e+07
1.01778e+07
1.0178e+07
1.0178e+07
1.01782e+07
1.01782e+07
1.01784e+07
1.01784e+07
1.01786e+07
1.01786e+07
1.01788e+07
1.01788e+07
1.0179e+07
1.0179e+07
1.01792e+07
1.01792e+07
1.01794e+07
1.01794e+07
1.01796e+07
1.01796e+07
1.01798e+07
1.01798e+07
1.018e+07
1.018e+07
1.01802e+07
1.01802e+07
1.01804e+07
1.01804e+07
1.01806e+07
1.01806e+07
1.01808e+07
1.01808e+07
1.0181e+07
1.0181e+07
1.01812e+07
1.01812e+07
1.01814e+07
1.01814e+07
1.01816e+07
1.01816e+07
1.01818e+07
1.01818e+07
1.0182e+07
1.0182e+07
1.01822e+07
1.01822e+07
1.01824e+07
1.01824e+07
1.01826e+07
1.01826e+07
1.01828e+07
1.01828e+07
1.0183e+07
1.0183e+07
1.01832e+07
1.01832e+07
1.01834e+07
1.01834e+07
1.01836e+07
1.01836e+07
1.01838e+07
1.01838e+07
1.0184e+07
1.0184e+07
1.01842e+07
1.01842e+07
1.01844e+07
1.01844e+07
1.01846e+07
1.01846e+07
1.01848e+07
1.01848e+07
1.0185e+07
1.0185e+07
1.01852e+07
1.01852e+07
1.01854e+07
1.01854e+07
1.01856e+07
1.01856e+07
1.01858e+07
1.01858e+07
1.0186e+07
1.0186e+07
1.01862e+07
1.01862e+07
1.01864e+07
1.01864e+07
1.01866e+07
1.01866e+07
1.01868e+07
1.01868e+07
1.0187e+07
1.0187e+07
1.01872e+07
1.01872e+07
1.01874e+07
1.01874e+07
1.01876e+07
1.01876e+07
1.01878e+07
1.01878e+07
1.0188e+07
1.0188e+07
1.01882e+07
1.01882e+07
1.01884e+07
1.01884e+07
1.01886e+07
1.01886e+07
1.01888e+07
1.01888e+07
1.0189e+07
1.0189e+07
1.01892e+07
1.01892e+07
1.01894e+07
1.01894e+07
1.01896e+07
1.01896e+07
1.01898e+07
1.01898e+07
1.019e+07
1.019e+07
1.01902e+07
1.01902e+07
1.01904e+07
1.01904e+07
1.01906e+07
1.01906e+07
1.01908e+07
1.01908e+07
1.0191e+07
1.0191e+07
1.01912e+07
1.01912e+07
1.01914e+07
1.01914e+07
1.01916e+07
1.01916e+07
1.01918e+07
1.01918e+07
1.0192e+07
1.0192e+07
1.01922e+07
1.01922e+07
1.01924e+07
1.01924e+07
1.01926e+07
1.01926e+07
1.01928e+07
1.01928e+07
1.0193e+07
1.0193e+07
1.01932e+07
1.01932e+07
1.01934e+07
1.01934e+07
1.01936e+07
1.01936e+07
1.01938e+07
1.01938e+07
1.0194e+07
1.0194e+07
1.01942e+07
1.01942e+07
1.01944e+07
1.01944e+07
1.01946e+07
1.01946e+07
1.01948e+07
1.01948e+07
1.0195e+07
1.0195e+07
1.01952e+07
1.01952e+07
1.01954e+07
1.01954e+07
1.01956e+07
1.01956e+07
1.01958e+07
1.01958e+07
1.0196e+07
1.0196e+07
1.01962e+07
1.01962e+07
1.01964e+07
1.01964e+07
1.01966e+07
1.01966e+07
1.01968e+07
1.01968e+07
1.0197e+07
1.0197e+07
1.01972e+07
1.01972e+07
1.01974e+07
1.01974e+07
1.01976e+07
1.01976e+07
1.01978e+07
1.01978e+07
1.0198e+07
1.0198e+07
1.01982e+07
1.01982e+07
1.01984e+07
1.01984e+07
1.01986e+07
1.01986e+07
1.01988e+07
1.01988e+07
1.0199e+07
1.0199e+07
1.01992e+07
1.01992e+07
1.01994e+07
1.01994e+07
1.01995e+07
1.01996e+07
1.01997e+07
1.01998e+07
1.01999e+07
1.02e+07
1.02001e+07
1.02002e+07
1.02003e+07
1.02004e+07
1.02005e+07
1.02006e+07
1.02007e+07
1.02008e+07
1.02009e+07
