7.81245e+06
6.69083e+06
6.141e+06
5.87133e+06
5.73889e+06
5.67366e+06
5.64134e+06
5.6251e+06
5.61583e+06
5.55789e+06
5.55847e+06
5.55846e+06
5.55845e+06
5.55845e+06
5.55844e+06
5.55844e+06
5.55843e+06
5.55843e+06
5.55842e+06
5.55842e+06
5.55841e+06
5.55841e+06
5.5584e+06
5.5584e+06
5.55839e+06
5.55838e+06
5.55838e+06
5.55837e+06
5.55837e+06
5.55836e+06
5.55836e+06
5.55835e+06
5.55835e+06
5.55834e+06
5.55834e+06
5.55833e+06
5.55833e+06
5.55832e+06
5.55832e+06
5.55831e+06
5.5583e+06
5.5583e+06
5.55829e+06
5.55829e+06
5.55828e+06
5.55828e+06
5.55827e+06
5.55827e+06
5.55826e+06
5.55825e+06
5.55825e+06
5.55824e+06
5.55824e+06
5.55823e+06
5.55823e+06
5.55822e+06
5.55821e+06
5.55821e+06
5.5582e+06
5.5582e+06
5.55819e+06
5.55819e+06
5.55818e+06
5.55817e+06
5.55817e+06
5.55816e+06
5.55816e+06
5.55815e+06
5.55815e+06
5.55814e+06
5.55813e+06
5.55813e+06
5.55812e+06
5.55812e+06
5.55811e+06
5.5581e+06
5.5581e+06
5.55809e+06
5.55809e+06
5.55808e+06
5.55807e+06
5.55807e+06
5.55806e+06
5.55805e+06
5.55805e+06
5.55804e+06
5.55804e+06
5.55803e+06
5.55802e+06
5.55802e+06
5.55801e+06
5.55801e+06
5.558e+06
5.55799e+06
5.55799e+06
5.55798e+06
5.55797e+06
5.55797e+06
5.55796e+06
5.55795e+06
5.55795e+06
5.55794e+06
5.55794e+06
5.55793e+06
5.55792e+06
5.55792e+06
5.55791e+06
5.5579e+06
5.5579e+06
5.55789e+06
5.55788e+06
5.55788e+06
5.55787e+06
5.55786e+06
5.55786e+06
5.55785e+06
5.55784e+06
5.55784e+06
5.55783e+06
5.55782e+06
5.55782e+06
5.55781e+06
5.5578e+06
5.5578e+06
5.55779e+06
5.55778e+06
5.55778e+06
5.55777e+06
5.55776e+06
5.55776e+06
5.55775e+06
5.55774e+06
5.55774e+06
5.55773e+06
5.55772e+06
5.55771e+06
5.55771e+06
5.5577e+06
5.55769e+06
5.55769e+06
5.55768e+06
5.55767e+06
5.55767e+06
5.55766e+06
5.55765e+06
5.55764e+06
5.55764e+06
5.55763e+06
5.55762e+06
5.55762e+06
5.55761e+06
5.5576e+06
5.55759e+06
5.55759e+06
5.55758e+06
5.55757e+06
5.55756e+06
5.55756e+06
5.55755e+06
5.55754e+06
5.55754e+06
5.55753e+06
5.55752e+06
5.55751e+06
5.55751e+06
5.5575e+06
5.55749e+06
5.55748e+06
5.55748e+06
5.55747e+06
5.55746e+06
5.55745e+06
5.55745e+06
5.55744e+06
5.55743e+06
5.55742e+06
5.55741e+06
5.55741e+06
5.5574e+06
5.55739e+06
5.55738e+06
5.55738e+06
5.55737e+06
5.55736e+06
5.55735e+06
5.55734e+06
5.55734e+06
5.55733e+06
5.55732e+06
5.55731e+06
5.55731e+06
5.5573e+06
5.55729e+06
5.55728e+06
5.55727e+06
5.55727e+06
5.55726e+06
5.55725e+06
5.55724e+06
5.55723e+06
5.55722e+06
5.55722e+06
5.55721e+06
5.5572e+06
5.55719e+06
5.55718e+06
5.55718e+06
5.55717e+06
5.55716e+06
5.55715e+06
5.55714e+06
5.55713e+06
5.55713e+06
5.55712e+06
5.55711e+06
5.5571e+06
5.55709e+06
5.55708e+06
5.55708e+06
5.55707e+06
5.55706e+06
5.55705e+06
5.55704e+06
5.55703e+06
5.55702e+06
5.55702e+06
5.55701e+06
5.557e+06
5.55699e+06
5.55698e+06
5.55697e+06
5.55696e+06
5.55696e+06
5.55695e+06
5.55694e+06
5.55693e+06
5.55692e+06
5.55691e+06
5.5569e+06
5.55689e+06
5.55688e+06
5.55688e+06
5.55687e+06
5.55686e+06
5.55685e+06
5.55684e+06
5.55683e+06
5.55682e+06
5.55681e+06
5.5568e+06
5.55679e+06
5.55679e+06
5.55678e+06
5.55677e+06
5.55676e+06
5.55675e+06
5.55674e+06
5.55673e+06
5.55672e+06
5.55671e+06
5.5567e+06
5.55669e+06
5.55668e+06
5.55667e+06
5.55667e+06
5.55666e+06
5.55665e+06
5.55664e+06
5.55663e+06
5.55662e+06
5.55661e+06
5.5566e+06
5.55659e+06
5.55658e+06
5.55657e+06
5.55656e+06
5.55655e+06
5.55654e+06
5.55653e+06
5.55652e+06
5.55651e+06
5.5565e+06
5.55649e+06
5.55648e+06
5.55647e+06
5.55646e+06
5.55645e+06
5.55644e+06
5.55643e+06
5.55642e+06
5.55641e+06
5.5564e+06
5.55639e+06
5.55638e+06
5.55637e+06
5.55636e+06
5.55635e+06
5.55634e+06
5.55633e+06
