0 1
0.01 1.009
0.02 1.01807
0.03 1.02722
0.04 1.03643
0.05 1.04572
0.06 1.05509
0.07 1.06452
0.08 1.07404
0.09 1.08362
0.1 1.09329
0.11 1.10302
0.12 1.11284
0.13 1.12273
0.14 1.13269
0.15 1.14274
0.16 1.15286
0.17 1.16306
0.18 1.17334
0.19 1.18369
0.2 1.19413
0.21 1.20464
0.22 1.21524
0.23 1.22591
0.24 1.23667
0.25 1.24751
0.26 1.25843
0.27 1.26943
0.28 1.28051
0.29 1.29168
0.3 1.30292
0.31 1.31426
0.32 1.32567
0.33 1.33717
0.34 1.34875
0.35 1.36042
0.36 1.37218
0.37 1.38402
0.38 1.39594
0.39 1.40795
0.4 1.42005
0.41 1.43223
0.42 1.4445
0.43 1.45686
0.44 1.46931
0.45 1.48184
0.46 1.49446
0.47 1.50718
0.48 1.51998
0.49 1.53286
0.5 1.54584
0.51 1.55891
0.52 1.57207
0.53 1.58532
0.54 1.59866
0.55 1.61209
0.56 1.62561
0.57 1.63923
0.58 1.65293
0.59 1.66673
0.6 1.68062
0.61 1.6946
0.62 1.70868
0.63 1.72284
0.64 1.7371
0.65 1.75146
0.66 1.7659
0.67 1.78044
0.68 1.79508
0.69 1.80981
0.7 1.82463
0.71 1.83955
0.72 1.85456
0.73 1.86966
0.74 1.88486
0.75 1.90016
0.76 1.91555
0.77 1.93104
0.78 1.94662
0.79 1.9623
0.8 1.97807
0.81 1.99394
0.82 2.0099
0.83 2.02596
0.84 2.04211
0.85 2.05837
0.86 2.07471
0.87 2.09116
0.88 2.10769
0.89 2.12433
0.9 2.14106
0.91 2.15789
0.92 2.17481
0.93 2.19183
0.94 2.20894
0.95 2.22615
0.96 2.24346
0.97 2.26086
0.98 2.27835
0.99 2.29595
1 2.31364
1.01 2.33142
1.02 2.3493
1.03 2.36727
1.04 2.38534
1.05 2.4035
1.06 2.42176
1.07 2.44011
1.08 2.45856
1.09 2.4771
1.1 2.49574
1.11 2.51447
1.12 2.53329
1.13 2.5522
1.14 2.57121
1.15 2.59031
1.16 2.60951
1.17 2.62879
1.18 2.64817
1.19 2.66764
1.2 2.6872
1.21 2.70685
1.22 2.72659
1.23 2.74642
1.24 2.76634
1.25 2.78635
1.26 2.80645
1.27 2.82664
1.28 2.84692
1.29 2.86728
1.3 2.88773
1.31 2.90827
1.32 2.9289
1.33 2.94961
1.34 2.9704
1.35 2.99128
1.36 3.01225
1.37 3.0333
1.38 3.05443
1.39 3.07565
1.4 3.09694
1.41 3.11832
1.42 3.13978
1.43 3.16132
1.44 3.18294
1.45 3.20464
1.46 3.22641
1.47 3.24827
1.48 3.2702
1.49 3.29221
1.5 3.31429
1.51 3.33645
1.52 3.35868
1.53 3.38099
1.54 3.40337
1.55 3.42582
1.56 3.44834
1.57 3.47093
1.58 3.49359
1.59 3.51632
1.6 3.53912
1.61 3.56199
1.62 3.58492
1.63 3.60792
1.64 3.63098
1.65 3.65411
1.66 3.6773
1.67 3.70055
1.68 3.72386
1.69 3.74723
1.7 3.77066
1.71 3.79415
1.72 3.81769
1.73 3.8413
1.74 3.86495
1.75 3.88866
1.76 3.91243
1.77 3.93625
1.78 3.96012
1.79 3.98403
1.8 4.008
1.81 4.03202
1.82 4.05608
1.83 4.08019
1.84 4.10434
1.85 4.12854
1.86 4.15278
1.87 4.17706
1.88 4.20139
1.89 4.22575
1.9 4.25015
1.91 4.27459
1.92 4.29906
1.93 4.32357
1.94 4.34811
1.95 4.37269
1.96 4.39729
1.97 4.42193
1.98 4.4466
1.99 4.47129
2 4.49601
2.01 4.52076
2.02 4.54553
2.03 4.57032
2.04 4.59514
2.05 4.61997
2.06 4.64483
2.07 4.6697
2.08 4.69459
2.09 4.7195
2.1 4.74442
2.11 4.76936
2.12 4.7943
2.13 4.81926
2.14 4.84423
2.15 4.8692
2.16 4.89419
2.17 4.91917
2.18 4.94417
2.19 4.96916
2.2 4.99416
2.21 5.01916
2.22 5.04416
2.23 5.06916
2.24 5.09416
2.25 5.11915
2.26 5.14413
2.27 5.16911
2.28 5.19408
2.29 5.21905
2.3 5.244
2.31 5.26894
2.32 5.29387
2.33 5.31878
2.34 5.34368
2.35 5.36856
2.36 5.39342
2.37 5.41827
2.38 5.4431
2.39 5.4679
2.4 5.49268
2.41 5.51744
2.42 5.54217
2.43 5.56688
2.44 5.59155
2.45 5.6162
2.46 5.64082
2.47 5.66541
2.48 5.68997
2.49 5.71449
2.5 5.73898
2.51 5.76344
2.52 5.78786
2.53 5.81223
2.54 5.83657
2.55 5.86088
2.56 5.88513
2.57 5.90935
2.58 5.93352
2.59 5.95765
2.6 5.98174
2.61 6.00577
2.62 6.02976
2.63 6.0537
2.64 6.07759
2.65 6.10143
2.66 6.12521
2.67 6.14895
2.68 6.17263
2.69 6.19625
2.7 6.21982
2.71 6.24333
2.72 6.26679
2.73 6.29018
2.74 6.31352
2.75 6.33679
2.76 6.36001
2.77 6.38316
2.78 6.40624
2.79 6.42927
2.8 6.45222
2.81 6.47511
2.82 6.49794
2.83 6.5207
2.84 6.54338
2.85 6.566
2.86 6.58855
2.87 6.61102
2.88 6.63343
2.89 6.65576
2.9 6.67802
2.91 6.7002
2.92 6.72231
2.93 6.74435
2.94 6.7663
2.95 6.78818
2.96 6.80999
2.97 6.83171
2.98 6.85336
2.99 6.87492
3 6.89641
3.01 6.91781
3.02 6.93913
3.03 6.96037
3.04 6.98153
3.05 7.0026
3.06 7.02359
3.07 7.0445
3.08 7.06532
3.09 7.08605
3.1 7.1067
3.11 7.12726
3.12 7.14774
3.13 7.16812
3.14 7.18842
3.15 7.20863
3.16 7.22875
3.17 7.24879
3.18 7.26873
3.19 7.28858
3.2 7.30835
3.21 7.32802
3.22 7.3476
3.23 7.36709
3.24 7.38648
3.25 7.40579
3.26 7.425
3.27 7.44412
3.28 7.46315
3.29 7.48208
3.3 7.50092
3.31 7.51966
3.32 7.53831
3.33 7.55687
3.34 7.57533
3.35 7.5937
3.36 7.61197
3.37 7.63015
3.38 7.64823
3.39 7.66622
3.4 7.68411
3.41 7.70191
3.42 7.71961
3.43 7.73721
3.44 7.75472
3.45 7.77213
3.46 7.78945
3.47 7.80666
3.48 7.82379
3.49 7.84081
3.5 7.85774
3.51 7.87458
3.52 7.89131
3.53 7.90795
3.54 7.9245
3.55 7.94094
3.56 7.9573
3.57 7.97355
3.58 7.98971
3.59 8.00577
3.6 8.02174
3.61 8.0376
3.62 8.05338
3.63 8.06905
3.64 8.08463
3.65 8.10012
3.66 8.11551
3.67 8.1308
3.68 8.146
3.69 8.1611
3.7 8.17611
3.71 8.19102
3.72 8.20584
3.73 8.22056
3.74 8.23519
3.75 8.24972
3.76 8.26416
3.77 8.27851
3.78 8.29276
3.79 8.30692
3.8 8.32098
3.81 8.33495
3.82 8.34883
3.83 8.36262
3.84 8.37631
3.85 8.38991
3.86 8.40342
3.87 8.41684
3.88 8.43016
3.89 8.44339
3.9 8.45654
3.91 8.46959
3.92 8.48255
3.93 8.49542
3.94 8.50821
3.95 8.5209
3.96 8.5335
3.97 8.54602
3.98 8.55844
3.99 8.57078
4 8.58303
4.01 8.59519
4.02 8.60727
4.03 8.61925
4.04 8.63115
4.05 8.64297
4.06 8.6547
4.07 8.66634
4.08 8.6779
4.09 8.68937
4.1 8.70076
4.11 8.71206
4.12 8.72329
4.13 8.73442
4.14 8.74548
4.15 8.75645
4.16 8.76734
4.17 8.77814
4.18 8.78887
4.19 8.79951
4.2 8.81008
4.21 8.82056
4.22 8.83096
4.23 8.84129
4.24 8.85153
4.25 8.8617
4.26 8.87179
4.27 8.8818
4.28 8.89173
4.29 8.90158
4.3 8.91136
4.31 8.92106
4.32 8.93069
4.33 8.94024
4.34 8.94971
4.35 8.95911
4.36 8.96843
4.37 8.97769
4.38 8.98686
4.39 8.99597
4.4 9.005
4.41 9.01396
4.42 9.02285
4.43 9.03167
4.44 9.04041
4.45 9.04909
4.46 9.05769
4.47 9.06623
4.48 9.07469
4.49 9.08309
4.5 9.09142
4.51 9.09968
4.52 9.10787
4.53 9.116
4.54 9.12406
4.55 9.13205
4.56 9.13997
4.57 9.14783
4.58 9.15563
4.59 9.16336
4.6 9.17103
4.61 9.17863
4.62 9.18617
4.63 9.19364
4.64 9.20106
4.65 9.20841
4.66 9.2157
4.67 9.22293
4.68 9.23009
4.69 9.2372
4.7 9.24425
4.71 9.25123
4.72 9.25816
4.73 9.26503
4.74 9.27184
4.75 9.27859
4.76 9.28528
4.77 9.29192
4.78 9.2985
4.79 9.30502
4.8 9.31149
4.81 9.3179
4.82 9.32425
4.83 9.33055
4.84 9.3368
4.85 9.34299
4.86 9.34913
4.87 9.35522
4.88 9.36125
4.89 9.36723
4.9 9.37316
4.91 9.37903
4.92 9.38486
4.93 9.39063
4.94 9.39635
4.95 9.40202
4.96 9.40764
4.97 9.41322
4.98 9.41874
4.99 9.42422
5 9.42964
5.01 9.43502
5.02 9.44035
5.03 9.44563
5.04 9.45087
5.05 9.45606
5.06 9.4612
5.07 9.4663
5.08 9.47135
5.09 9.47636
5.1 9.48132
5.11 9.48624
5.12 9.49111
5.13 9.49594
5.14 9.50073
5.15 9.50547
5.16 9.51017
5.17 9.51483
5.18 9.51945
5.19 9.52402
5.2 9.52856
5.21 9.53305
5.22 9.5375
5.23 9.54191
5.24 9.54628
5.25 9.55061
5.26 9.55491
5.27 9.55916
5.28 9.56337
5.29 9.56755
5.3 9.57169
5.31 9.57579
5.32 9.57985
5.33 9.58387
5.34 9.58786
5.35 9.59181
5.36 9.59573
5.37 9.59961
5.38 9.60345
5.39 9.60726
5.4 9.61103
5.41 9.61477
5.42 9.61847
5.43 9.62214
5.44 9.62578
5.45 9.62938
5.46 9.63295
5.47 9.63649
5.48 9.63999
5.49 9.64346
5.5 9.6469
5.51 9.6503
5.52 9.65368
5.53 9.65702
5.54 9.66033
5.55 9.66362
5.56 9.66687
5.57 9.67009
5.58 9.67328
5.59 9.67644
5.6 9.67957
5.61 9.68267
5.62 9.68574
5.63 9.68879
5.64 9.6918
5.65 9.69479
5.66 9.69775
5.67 9.70068
5.68 9.70358
5.69 9.70646
5.7 9.70931
5.71 9.71213
5.72 9.71493
5.73 9.7177
5.74 9.72044
5.75 9.72316
5.76 9.72585
5.77 9.72852
5.78 9.73116
5.79 9.73377
5.8 9.73636
5.81 9.73893
5.82 9.74147
5.83 9.74399
5.84 9.74649
5.85 9.74896
5.86 9.7514
5.87 9.75383
5.88 9.75623
5.89 9.75861
5.9 9.76096
5.91 9.7633
5.92 9.76561
5.93 9.7679
5.94 9.77016
5.95 9.77241
5.96 9.77463
5.97 9.77684
5.98 9.77902
5.99 9.78118
6 9.78332
6.01 9.78544
6.02 9.78754
6.03 9.78962
6.04 9.79168
6.05 9.79372
6.06 9.79574
6.07 9.79774
6.08 9.79972
6.09 9.80168
6.1 9.80363
6.11 9.80555
6.12 9.80746
6.13 9.80935
6.14 9.81122
6.15 9.81307
6.16 9.8149
6.17 9.81672
6.18 9.81852
6.19 9.8203
6.2 9.82207
6.21 9.82381
6.22 9.82555
6.23 9.82726
6.24 9.82896
6.25 9.83064
6.26 9.8323
6.27 9.83395
6.28 9.83558
6.29 9.8372
6.3 9.8388
6.31 9.84039
6.32 9.84196
6.33 9.84352
6.34 9.84506
6.35 9.84658
6.36 9.84809
6.37 9.84959
6.38 9.85107
6.39 9.85254
6.4 9.85399
6.41 9.85543
6.42 9.85685
6.43 9.85826
6.44 9.85966
6.45 9.86104
6.46 9.86242
6.47 9.86377
6.48 9.86512
6.49 9.86645
6.5 9.86776
6.51 9.86907
6.52 9.87036
6.53 9.87164
6.54 9.87291
6.55 9.87416
6.56 9.87541
6.57 9.87664
6.58 9.87785
6.59 9.87906
6.6 9.88026
6.61 9.88144
6.62 9.88261
6.63 9.88377
6.64 9.88492
6.65 9.88606
6.66 9.88718
6.67 9.8883
6.68 9.8894
6.69 9.8905
6.7 9.89158
6.71 9.89265
6.72 9.89371
6.73 9.89477
6.74 9.89581
6.75 9.89684
6.76 9.89786
6.77 9.89887
6.78 9.89987
6.79 9.90086
6.8 9.90184
6.81 9.90282
6.82 9.90378
6.83 9.90473
6.84 9.90567
6.85 9.90661
6.86 9.90753
6.87 9.90845
6.88 9.90936
6.89 9.91026
6.9 9.91115
6.91 9.91203
6.92 9.9129
6.93 9.91376
6.94 9.91462
6.95 9.91546
6.96 9.9163
6.97 9.91713
6.98 9.91795
6.99 9.91877
7 9.91957
7.01 9.92037
7.02 9.92116
7.03 9.92194
7.04 9.92272
7.05 9.92348
7.06 9.92424
7.07 9.92499
7.08 9.92574
7.09 9.92648
7.1 9.92721
7.11 9.92793
7.12 9.92864
7.13 9.92935
7.14 9.93005
7.15 9.93075
7.16 9.93144
7.17 9.93212
7.18 9.93279
7.19 9.93346
7.2 9.93412
7.21 9.93477
7.22 9.93542
7.23 9.93606
7.24 9.9367
7.25 9.93733
7.26 9.93795
7.27 9.93857
7.28 9.93918
7.29 9.93978
7.3 9.94038
7.31 9.94097
7.32 9.94156
7.33 9.94214
7.34 9.94272
7.35 9.94329
7.36 9.94385
7.37 9.94441
7.38 9.94496
7.39 9.94551
7.4 9.94605
7.41 9.94659
7.42 9.94712
7.43 9.94764
7.44 9.94817
7.45 9.94868
7.46 9.94919
7.47 9.9497
7.48 9.9502
7.49 9.95069
7.5 9.95118
7.51 9.95167
7.52 9.95215
7.53 9.95263
7.54 9.9531
7.55 9.95357
7.56 9.95403
7.57 9.95449
7.58 9.95494
7.59 9.95539
7.6 9.95583
7.61 9.95627
7.62 9.95671
7.63 9.95714
7.64 9.95756
7.65 9.95799
7.66 9.9584
7.67 9.95882
7.68 9.95923
7.69 9.95964
7.7 9.96004
7.71 9.96044
7.72 9.96083
7.73 9.96122
7.74 9.96161
7.75 9.96199
7.76 9.96237
7.77 9.96274
7.78 9.96311
7.79 9.96348
7.8 9.96384
7.81 9.9642
7.82 9.96456
7.83 9.96491
7.84 9.96526
7.85 9.96561
7.86 9.96595
7.87 9.96629
7.88 9.96663
7.89 9.96696
7.9 9.96729
7.91 9.96762
7.92 9.96794
7.93 9.96826
7.94 9.96857
7.95 9.96889
7.96 9.9692
7.97 9.96951
7.98 9.96981
7.99 9.97011
8 9.97041
8.01 9.9707
8.02 9.971
8.03 9.97128
8.04 9.97157
8.05 9.97185
8.06 9.97214
8.07 9.97241
8.08 9.97269
8.09 9.97296
8.1 9.97323
8.11 9.9735
8.12 9.97376
8.13 9.97402
8.14 9.97428
8.15 9.97454
8.16 9.97479
8.17 9.97504
8.18 9.97529
8.19 9.97554
8.2 9.97578
8.21 9.97603
8.22 9.97626
8.23 9.9765
8.24 9.97674
8.25 9.97697
8.26 9.9772
8.27 9.97743
8.28 9.97765
8.29 9.97787
8.3 9.97809
8.31 9.97831
8.32 9.97853
8.33 9.97874
8.34 9.97896
8.35 9.97917
8.36 9.97937
8.37 9.97958
8.38 9.97978
8.39 9.97998
8.4 9.98018
8.41 9.98038
8.42 9.98058
8.43 9.98077
8.44 9.98096
8.45 9.98115
8.46 9.98134
8.47 9.98153
8.48 9.98171
8.49 9.9819
8.5 9.98208
8.51 9.98225
8.52 9.98243
8.53 9.98261
8.54 9.98278
8.55 9.98295
8.56 9.98312
8.57 9.98329
8.58 9.98346
8.59 9.98362
8.6 9.98379
8.61 9.98395
8.62 9.98411
8.63 9.98427
8.64 9.98442
8.65 9.98458
8.66 9.98473
8.67 9.98489
8.68 9.98504
8.69 9.98519
8.7 9.98533
8.71 9.98548
8.72 9.98563
8.73 9.98577
8.74 9.98591
8.75 9.98605
8.76 9.98619
8.77 9.98633
8.78 9.98647
8.79 9.9866
8.8 9.98674
8.81 9.98687
8.82 9.987
8.83 9.98713
8.84 9.98726
8.85 9.98738
8.86 9.98751
8.87 9.98764
8.88 9.98776
8.89 9.98788
8.9 9.988
8.91 9.98812
8.92 9.98824
8.93 9.98836
8.94 9.98847
8.95 9.98859
8.96 9.9887
8.97 9.98882
8.98 9.98893
8.99 9.98904
9 9.98915
9.01 9.98926
9.02 9.98936
9.03 9.98947
9.04 9.98958
9.05 9.98968
9.06 9.98978
9.07 9.98988
9.08 9.98999
9.09 9.99009
9.1 9.99018
9.11 9.99028
9.12 9.99038
9.13 9.99048
9.14 9.99057
9.15 9.99067
9.16 9.99076
9.17 9.99085
9.18 9.99094
9.19 9.99103
9.2 9.99112
9.21 9.99121
9.22 9.9913
9.23 9.99139
9.24 9.99147
9.25 9.99156
9.26 9.99164
9.27 9.99172
9.28 9.99181
9.29 9.99189
9.3 9.99197
9.31 9.99205
9.32 9.99213
9.33 9.99221
9.34 9.99229
9.35 9.99236
9.36 9.99244
9.37 9.99252
9.38 9.99259
9.39 9.99266
9.4 9.99274
9.41 9.99281
9.42 9.99288
9.43 9.99295
9.44 9.99302
9.45 9.99309
9.46 9.99316
9.47 9.99323
9.48 9.9933
9.49 9.99337
9.5 9.99343
9.51 9.9935
9.52 9.99356
9.53 9.99363
9.54 9.99369
9.55 9.99375
9.56 9.99382
9.57 9.99388
9.58 9.99394
9.59 9.994
9.6 9.99406
9.61 9.99412
9.62 9.99418
9.63 9.99424
9.64 9.99429
9.65 9.99435
9.66 9.99441
9.67 9.99446
9.68 9.99452
9.69 9.99457
9.7 9.99463
9.71 9.99468
9.72 9.99473
9.73 9.99479
9.74 9.99484
9.75 9.99489
9.76 9.99494
9.77 9.99499
9.78 9.99504
9.79 9.99509
9.8 9.99514
9.81 9.99519
9.82 9.99524
9.83 9.99528
9.84 9.99533
9.85 9.99538
9.86 9.99542
9.87 9.99547
9.88 9.99552
9.89 9.99556
9.9 9.9956
9.91 9.99565
9.92 9.99569
9.93 9.99574
9.94 9.99578
9.95 9.99582
9.96 9.99586
9.97 9.9959
9.98 9.99594
9.99 9.99598
10 9.99603

