0 30 10
1 27.3 12.9
2 24.0513 16.2927
3 20.3732 20.0484
4 16.4924 23.9324
5 12.7103 27.6401
6 9.32428 30.8769
7 6.53848 33.4471
8 4.41693 35.2996
9 2.90194 36.5058
10 1.87159 37.2001
11 1.19407 37.5243
12 0.757944 37.5971
13 0.480559 37.5061
14 0.305125 37.3113
15 0.19433 37.052
16 0.12427 36.7535
17 0.0798393 36.4317
18 0.0515509 36.0964
19 0.0334584 35.7541
20 0.0218302 35.4085
21 0.0143188 35.0621
22 0.0094415 34.7165
23 0.00625815 34.3726
24 0.00416964 34.0311
25 0.00279236 33.6922
26 0.00187948 33.3562
27 0.00127135 33.0233
28 0.000864223 32.6935
29 0.000590321 32.3668
30 0.000405156 32.0433
31 0.000279382 31.723
32 0.000193548 31.4059
33 0.000134698 31.0919
34 9.41646e-05 30.781
35 6.61215e-05 30.4732
36 4.66333e-05 30.1685
37 3.30311e-05 29.8668
38 2.34961e-05 29.5682
39 1.67837e-05 29.2725
40 1.20385e-05 28.9798
41 8.67015e-06 28.69
42 6.26939e-06 28.4031
43 4.55138e-06 28.1191
44 3.31709e-06 27.8379
45 2.42685e-06 27.5595
46 1.78229e-06 27.2839
47 1.31384e-06 27.0111
48 9.72094e-07 26.741
49 7.21868e-07 26.4735
50 5.37983e-07 26.2088
51 4.02364e-07 25.9467
52 3.01987e-07 25.6873
53 2.27435e-07 25.4304
54 1.71872e-07 25.1761
55 1.3032e-07 24.9243
56 9.91417e-08 24.6751
57 7.56698e-08 24.4283
58 5.79416e-08 24.184
59 4.45084e-08 23.9422
60 3.42972e-08 23.7028
61 2.65108e-08 23.4657
62 2.05549e-08 23.2311
63 1.59854e-08 22.9988
64 1.24688e-08 22.7688
65 9.75447e-09 22.5411
66 7.65325e-09 22.3157
67 6.02191e-09 22.0925
68 4.75173e-09 21.8716
69 3.75997e-09 21.6529
70 2.98343e-09 21.4364
71 2.37372e-09 21.222
72 1.89371e-09 21.0098
73 1.51478e-09 20.7997
74 1.21486e-09 20.5917
75 9.76848e-10 20.3858
76 7.87479e-10 20.1819
77 6.36425e-10 19.9801
78 5.15631e-10 19.7803
79 4.18794e-10 19.5825
80 3.40972e-10 19.3867
81 2.78278e-10 19.1928
82 2.27652e-10 19.0009
83 1.86672e-10 18.8109
84 1.53424e-10 18.6228
85 1.26387e-10 18.4365
86 1.04349e-10 18.2522
87 8.63468e-11 18.0696
88 7.16077e-11 17.8889
89 5.9514e-11 17.7101
90 4.95691e-11 17.533
91 4.13739e-11 17.3576
92 3.46061e-11 17.184
93 2.90054e-11 17.0122
94 2.4361e-11 16.8421
95 2.05017e-11 16.6737
96 1.72884e-11 16.5069
97 1.46075e-11 16.3419
98 1.23664e-11 16.1784
99 1.04894e-11 16.0167
