0 0 0 1 
0.01 0.0007 0.0007 0.9997 
0.02 0.001399 0.001399 0.9994 
0.03 0.002097 0.002097 0.9991 
0.04 0.002794 0.002794 0.9988 
0.05 0.00349001 0.00349001 0.9985 
0.06 0.00418502 0.00418502 0.9982 
0.07 0.00487903 0.00487903 0.9979 
0.08 0.00557206 0.00557206 0.9976 
0.09 0.00626408 0.00626408 0.9973 
0.1 0.00695512 0.00695512 0.997 
0.11 0.00764516 0.00764516 0.9967 
0.12 0.00833422 0.00833422 0.9964 
0.13 0.00902229 0.00902229 0.9961 
0.14 0.00970936 0.00970936 0.9958 
0.15 0.0103955 0.0103955 0.9955 
0.16 0.0110806 0.0110806 0.9952 
0.17 0.0117647 0.0117647 0.9949 
0.18 0.0124478 0.0124478 0.9946 
0.19 0.01313 0.01313 0.9943 
0.2 0.0138111 0.0138111 0.994 
0.21 0.0144913 0.0144913 0.9937 
0.22 0.0151705 0.0151705 0.9934 
0.23 0.0158488 0.0158488 0.9931 
0.24 0.016526 0.016526 0.9928 
0.25 0.0172023 0.0172023 0.9925 
0.26 0.0178776 0.0178776 0.9922 
0.27 0.0185519 0.0185519 0.9919 
0.28 0.0192253 0.0192253 0.9916 
0.29 0.0198976 0.0198976 0.9913 
0.3 0.020569 0.020569 0.991 
0.31 0.0212395 0.0212395 0.9907 
0.32 0.0219089 0.0219089 0.9904 
0.33 0.0225774 0.0225774 0.9901 
0.34 0.0232449 0.0232449 0.9898 
0.35 0.0239115 0.0239115 0.9895 
0.36 0.0245771 0.0245771 0.9892 
0.37 0.0252417 0.0252417 0.9889 
0.38 0.0259054 0.0259054 0.9886 
0.39 0.0265681 0.0265681 0.9883 
0.4 0.0272298 0.0272298 0.988 
0.41 0.0278906 0.0278906 0.9877 
0.42 0.0285504 0.0285504 0.9874 
0.43 0.0292092 0.0292092 0.9871 
0.44 0.0298671 0.0298671 0.9868 
0.45 0.030524 0.030524 0.9865 
0.46 0.03118 0.03118 0.9862 
0.47 0.031835 0.031835 0.9859 
0.48 0.0324891 0.0324891 0.9856 
0.49 0.0331422 0.0331422 0.9853 
0.5 0.0337944 0.0337944 0.985 
0.51 0.0344456 0.0344456 0.9847 
0.52 0.0350958 0.0350958 0.9844 
0.53 0.0357451 0.0357451 0.9841 
0.54 0.0363935 0.0363935 0.9838 
0.55 0.0370409 0.0370409 0.9835 
0.56 0.0376874 0.0376874 0.9832 
0.57 0.0383329 0.0383329 0.9829 
0.58 0.0389774 0.0389774 0.9826 
0.59 0.0396211 0.0396211 0.9823 
0.6 0.0402637 0.0402637 0.982 
0.61 0.0409055 0.0409055 0.9817 
0.62 0.0415463 0.0415463 0.9814 
0.63 0.0421861 0.0421861 0.9811 
0.64 0.042825 0.042825 0.9808 
0.65 0.043463 0.043463 0.9805 
0.66 0.0441 0.0441 0.9802 
0.67 0.0447361 0.0447361 0.9799 
0.68 0.0453713 0.0453713 0.9796 
0.69 0.0460055 0.0460055 0.9793 
0.7 0.0466388 0.0466388 0.979 
0.71 0.0472712 0.0472712 0.9787 
0.72 0.0479026 0.0479026 0.9784 
0.73 0.0485331 0.0485331 0.9781 
0.74 0.0491627 0.0491627 0.9778 
0.75 0.0497913 0.0497913 0.9775 
0.76 0.050419 0.050419 0.9772 
0.77 0.0510458 0.0510458 0.9769 
0.78 0.0516717 0.0516717 0.9766 
0.79 0.0522966 0.0522966 0.9763 
0.8 0.0529206 0.0529206 0.976 
0.81 0.0535437 0.0535437 0.9757 
0.82 0.0541658 0.0541658 0.9754 
0.83 0.0547871 0.0547871 0.9751 
0.84 0.0554074 0.0554074 0.9748 
0.85 0.0560268 0.0560268 0.9745 
0.86 0.0566453 0.0566453 0.9742 
0.87 0.0572628 0.0572628 0.9739 
0.88 0.0578794 0.0578794 0.9736 
0.89 0.0584952 0.0584952 0.9733 
0.9 0.05911 0.05911 0.973 
0.91 0.0597239 0.0597239 0.9727 
0.92 0.0603368 0.0603368 0.9724 
0.93 0.0609489 0.0609489 0.9721 
0.94 0.06156 0.06156 0.9718 
0.95 0.0621703 0.0621703 0.9715 
0.96 0.0627796 0.0627796 0.9712 
0.97 0.063388 0.063388 0.9709 
0.98 0.0639956 0.0639956 0.9706 
0.99 0.0646022 0.0646022 0.9703 
1 0.0652079 0.0652079 0.97 
1.01 0.0658126 0.0658126 0.9697 
1.02 0.0664165 0.0664165 0.9694 
1.03 0.0670195 0.0670195 0.9691 
1.04 0.0676216 0.0676216 0.9688 
1.05 0.0682228 0.0682228 0.9685 
1.06 0.0688231 0.0688231 0.9682 
1.07 0.0694224 0.0694224 0.9679 
1.08 0.0700209 0.0700209 0.9676 
1.09 0.0706185 0.0706185 0.9673 
1.1 0.0712152 0.0712152 0.967 
1.11 0.071811 0.071811 0.9667 
1.12 0.0724058 0.0724058 0.9664 
1.13 0.0729998 0.0729998 0.9661 
1.14 0.0735929 0.0735929 0.9658 
1.15 0.0741851 0.0741851 0.9655 
1.16 0.0747765 0.0747765 0.9652 
1.17 0.0753669 0.0753669 0.9649 
1.18 0.0759564 0.0759564 0.9646 
1.19 0.0765451 0.0765451 0.9643 
1.2 0.0771328 0.0771328 0.964 
1.21 0.0777197 0.0777197 0.9637 
1.22 0.0783057 0.0783057 0.9634 
1.23 0.0788908 0.0788908 0.9631 
1.24 0.079475 0.079475 0.9628 
1.25 0.0800583 0.0800583 0.9625 
1.26 0.0806407 0.0806407 0.9622 
1.27 0.0812223 0.0812223 0.9619 
1.28 0.081803 0.081803 0.9616 
1.29 0.0823828 0.0823828 0.9613 
1.3 0.0829617 0.0829617 0.961 
1.31 0.0835397 0.0835397 0.9607 
1.32 0.0841169 0.0841169 0.9604 
1.33 0.0846932 0.0846932 0.9601 
1.34 0.0852686 0.0852686 0.9598 
1.35 0.0858431 0.0858431 0.9595 
1.36 0.0864168 0.0864168 0.9592 
1.37 0.0869895 0.0869895 0.9589 
1.38 0.0875615 0.0875615 0.9586 
1.39 0.0881325 0.0881325 0.9583 
1.4 0.0887027 0.0887027 0.958 
1.41 0.089272 0.089272 0.9577 
1.42 0.0898404 0.0898404 0.9574 
1.43 0.0904079 0.0904079 0.9571 
1.44 0.0909746 0.0909746 0.9568 
1.45 0.0915405 0.0915405 0.9565 
1.46 0.0921054 0.0921054 0.9562 
1.47 0.0926695 0.0926695 0.9559 
1.48 0.0932327 0.0932327 0.9556 
1.49 0.0937951 0.0937951 0.9553 
1.5 0.0943566 0.0943566 0.955 
1.51 0.0949173 0.0949173 0.9547 
1.52 0.095477 0.095477 0.9544 
1.53 0.096036 0.096036 0.9541 
1.54 0.096594 0.096594 0.9538 
1.55 0.0971512 0.0971512 0.9535 
1.56 0.0977076 0.0977076 0.9532 
1.57 0.0982631 0.0982631 0.9529 
1.58 0.0988177 0.0988177 0.9526 
1.59 0.0993715 0.0993715 0.9523 
1.6 0.0999244 0.0999244 0.952 
1.61 0.100477 0.100477 0.9517 
1.62 0.101028 0.101028 0.9514 
1.63 0.101578 0.101578 0.9511 
1.64 0.102128 0.102128 0.9508 
1.65 0.102676 0.102676 0.9505 
1.66 0.103224 0.103224 0.9502 
1.67 0.103771 0.103771 0.9499 
1.68 0.104317 0.104317 0.9496 
1.69 0.104863 0.104863 0.9493 
1.7 0.105407 0.105407 0.949 
1.71 0.105951 0.105951 0.9487 
1.72 0.106493 0.106493 0.9484 
1.73 0.107035 0.107035 0.9481 
1.74 0.107576 0.107576 0.9478 
1.75 0.108116 0.108116 0.9475 
1.76 0.108656 0.108656 0.9472 
1.77 0.109194 0.109194 0.9469 
1.78 0.109732 0.109732 0.9466 
1.79 0.110269 0.110269 0.9463 
1.8 0.110805 0.110805 0.946 
1.81 0.11134 0.11134 0.9457 
1.82 0.111875 0.111875 0.9454 
1.83 0.112408 0.112408 0.9451 
1.84 0.112941 0.112941 0.9448 
1.85 0.113473 0.113473 0.9445 
1.86 0.114004 0.114004 0.9442 
1.87 0.114534 0.114534 0.9439 
1.88 0.115063 0.115063 0.9436 
1.89 0.115592 0.115592 0.9433 
1.9 0.116119 0.116119 0.943 
1.91 0.116646 0.116646 0.9427 
1.92 0.117172 0.117172 0.9424 
1.93 0.117698 0.117698 0.9421 
1.94 0.118222 0.118222 0.9418 
1.95 0.118746 0.118746 0.9415 
1.96 0.119268 0.119268 0.9412 
1.97 0.11979 0.11979 0.9409 
1.98 0.120311 0.120311 0.9406 
1.99 0.120832 0.120832 0.9403 
2 0.121351 0.121351 0.94 
2.01 0.12187 0.12187 0.9397 
2.02 0.122388 0.122388 0.9394 
2.03 0.122905 0.122905 0.9391 
2.04 0.123421 0.123421 0.9388 
2.05 0.123936 0.123936 0.9385 
2.06 0.124451 0.124451 0.9382 
2.07 0.124965 0.124965 0.9379 
2.08 0.125477 0.125477 0.9376 
2.09 0.12599 0.12599 0.9373 
2.1 0.126501 0.126501 0.937 
2.11 0.127011 0.127011 0.9367 
2.12 0.127521 0.127521 0.9364 
2.13 0.12803 0.12803 0.9361 
2.14 0.128538 0.128538 0.9358 
2.15 0.129045 0.129045 0.9355 
2.16 0.129552 0.129552 0.9352 
2.17 0.130057 0.130057 0.9349 
2.18 0.130562 0.130562 0.9346 
2.19 0.131066 0.131066 0.9343 
2.2 0.13157 0.13157 0.934 
2.21 0.132072 0.132072 0.9337 
2.22 0.132574 0.132574 0.9334 
2.23 0.133074 0.133074 0.9331 
2.24 0.133574 0.133574 0.9328 
2.25 0.134074 0.134074 0.9325 
2.26 0.134572 0.134572 0.9322 
2.27 0.13507 0.13507 0.9319 
2.28 0.135567 0.135567 0.9316 
2.29 0.136063 0.136063 0.9313 
2.3 0.136558 0.136558 0.931 
2.31 0.137052 0.137052 0.9307 
2.32 0.137546 0.137546 0.9304 
2.33 0.138039 0.138039 0.9301 
2.34 0.138531 0.138531 0.9298 
2.35 0.139022 0.139022 0.9295 
2.36 0.139513 0.139513 0.9292 
2.37 0.140002 0.140002 0.9289 
2.38 0.140491 0.140491 0.9286 
2.39 0.140979 0.140979 0.9283 
2.4 0.141467 0.141467 0.928 
2.41 0.141953 0.141953 0.9277 
2.42 0.142439 0.142439 0.9274 
2.43 0.142924 0.142924 0.9271 
2.44 0.143408 0.143408 0.9268 
2.45 0.143891 0.143891 0.9265 
2.46 0.144374 0.144374 0.9262 
2.47 0.144856 0.144856 0.9259 
2.48 0.145337 0.145337 0.9256 
2.49 0.145817 0.145817 0.9253 
2.5 0.146297 0.146297 0.925 
2.51 0.146775 0.146775 0.9247 
2.52 0.147253 0.147253 0.9244 
2.53 0.14773 0.14773 0.9241 
2.54 0.148207 0.148207 0.9238 
2.55 0.148682 0.148682 0.9235 
2.56 0.149157 0.149157 0.9232 
2.57 0.149631 0.149631 0.9229 
2.58 0.150104 0.150104 0.9226 
2.59 0.150577 0.150577 0.9223 
2.6 0.151049 0.151049 0.922 
2.61 0.15152 0.15152 0.9217 
2.62 0.15199 0.15199 0.9214 
2.63 0.152459 0.152459 0.9211 
2.64 0.152928 0.152928 0.9208 
2.65 0.153396 0.153396 0.9205 
2.66 0.153863 0.153863 0.9202 
2.67 0.154329 0.154329 0.9199 
2.68 0.154795 0.154795 0.9196 
2.69 0.15526 0.15526 0.9193 
2.7 0.155724 0.155724 0.919 
2.71 0.156187 0.156187 0.9187 
2.72 0.156649 0.156649 0.9184 
2.73 0.157111 0.157111 0.9181 
2.74 0.157572 0.157572 0.9178 
2.75 0.158032 0.158032 0.9175 
2.76 0.158492 0.158492 0.9172 
2.77 0.158951 0.158951 0.9169 
2.78 0.159409 0.159409 0.9166 
2.79 0.159866 0.159866 0.9163 
2.8 0.160322 0.160322 0.916 
2.81 0.160778 0.160778 0.9157 
2.82 0.161233 0.161233 0.9154 
2.83 0.161687 0.161687 0.9151 
2.84 0.16214 0.16214 0.9148 
2.85 0.162593 0.162593 0.9145 
2.86 0.163045 0.163045 0.9142 
2.87 0.163496 0.163496 0.9139 
2.88 0.163946 0.163946 0.9136 
2.89 0.164396 0.164396 0.9133 
2.9 0.164845 0.164845 0.913 
2.91 0.165293 0.165293 0.9127 
2.92 0.165741 0.165741 0.9124 
2.93 0.166187 0.166187 0.9121 
2.94 0.166633 0.166633 0.9118 
2.95 0.167078 0.167078 0.9115 
2.96 0.167523 0.167523 0.9112 
2.97 0.167966 0.167966 0.9109 
2.98 0.168409 0.168409 0.9106 
2.99 0.168852 0.168852 0.9103 
3 0.169293 0.169293 0.91 
3.01 0.169734 0.169734 0.9097 
3.02 0.170174 0.170174 0.9094 
3.03 0.170613 0.170613 0.9091 
3.04 0.171051 0.171051 0.9088 
3.05 0.171489 0.171489 0.9085 
3.06 0.171926 0.171926 0.9082 
3.07 0.172362 0.172362 0.9079 
3.08 0.172798 0.172798 0.9076 
3.09 0.173233 0.173233 0.9073 
3.1 0.173667 0.173667 0.907 
3.11 0.1741 0.1741 0.9067 
3.12 0.174533 0.174533 0.9064 
3.13 0.174965 0.174965 0.9061 
3.14 0.175396 0.175396 0.9058 
3.15 0.175826 0.175826 0.9055 
3.16 0.176256 0.176256 0.9052 
3.17 0.176685 0.176685 0.9049 
3.18 0.177113 0.177113 0.9046 
3.19 0.17754 0.17754 0.9043 
3.2 0.177967 0.177967 0.904 
3.21 0.178393 0.178393 0.9037 
3.22 0.178819 0.178819 0.9034 
3.23 0.179243 0.179243 0.9031 
3.24 0.179667 0.179667 0.9028 
3.25 0.18009 0.18009 0.9025 
3.26 0.180513 0.180513 0.9022 
3.27 0.180934 0.180934 0.9019 
3.28 0.181355 0.181355 0.9016 
3.29 0.181775 0.181775 0.9013 
3.3 0.182195 0.182195 0.901 
3.31 0.182614 0.182614 0.9007 
3.32 0.183032 0.183032 0.9004 
3.33 0.183449 0.183449 0.9001 
3.34 0.183866 0.183866 0.8998 
3.35 0.184282 0.184282 0.8995 
3.36 0.184697 0.184697 0.8992 
3.37 0.185112 0.185112 0.8989 
3.38 0.185525 0.185525 0.8986 
3.39 0.185938 0.185938 0.8983 
3.4 0.186351 0.186351 0.898 
3.41 0.186762 0.186762 0.8977 
3.42 0.187173 0.187173 0.8974 
3.43 0.187584 0.187584 0.8971 
3.44 0.187993 0.187993 0.8968 
3.45 0.188402 0.188402 0.8965 
3.46 0.18881 0.18881 0.8962 
3.47 0.189217 0.189217 0.8959 
3.48 0.189624 0.189624 0.8956 
3.49 0.19003 0.19003 0.8953 
3.5 0.190435 0.190435 0.895 
3.51 0.19084 0.19084 0.8947 
3.52 0.191244 0.191244 0.8944 
3.53 0.191647 0.191647 0.8941 
3.54 0.192049 0.192049 0.8938 
3.55 0.192451 0.192451 0.8935 
3.56 0.192852 0.192852 0.8932 
3.57 0.193252 0.193252 0.8929 
3.58 0.193652 0.193652 0.8926 
3.59 0.194051 0.194051 0.8923 
3.6 0.194449 0.194449 0.892 
3.61 0.194847 0.194847 0.8917 
3.62 0.195244 0.195244 0.8914 
3.63 0.19564 0.19564 0.8911 
3.64 0.196035 0.196035 0.8908 
3.65 0.19643 0.19643 0.8905 
3.66 0.196824 0.196824 0.8902 
3.67 0.197218 0.197218 0.8899 
3.68 0.19761 0.19761 0.8896 
3.69 0.198002 0.198002 0.8893 
3.7 0.198394 0.198394 0.889 
3.71 0.198784 0.198784 0.8887 
3.72 0.199174 0.199174 0.8884 
3.73 0.199563 0.199563 0.8881 
3.74 0.199952 0.199952 0.8878 
3.75 0.20034 0.20034 0.8875 
3.76 0.200727 0.200727 0.8872 
3.77 0.201113 0.201113 0.8869 
3.78 0.201499 0.201499 0.8866 
3.79 0.201884 0.201884 0.8863 
3.8 0.202269 0.202269 0.886 
3.81 0.202652 0.202652 0.8857 
3.82 0.203035 0.203035 0.8854 
3.83 0.203418 0.203418 0.8851 
3.84 0.203799 0.203799 0.8848 
3.85 0.20418 0.20418 0.8845 
3.86 0.204561 0.204561 0.8842 
3.87 0.20494 0.20494 0.8839 
3.88 0.205319 0.205319 0.8836 
3.89 0.205698 0.205698 0.8833 
3.9 0.206075 0.206075 0.883 
3.91 0.206452 0.206452 0.8827 
3.92 0.206828 0.206828 0.8824 
3.93 0.207204 0.207204 0.8821 
3.94 0.207579 0.207579 0.8818 
3.95 0.207953 0.207953 0.8815 
3.96 0.208327 0.208327 0.8812 
3.97 0.2087 0.2087 0.8809 
3.98 0.209072 0.209072 0.8806 
3.99 0.209443 0.209443 0.8803 
4 0.209814 0.209814 0.88 
4.01 0.210184 0.210184 0.8797 
4.02 0.210554 0.210554 0.8794 
4.03 0.210923 0.210923 0.8791 
4.04 0.211291 0.211291 0.8788 
4.05 0.211658 0.211658 0.8785 
4.06 0.212025 0.212025 0.8782 
4.07 0.212391 0.212391 0.8779 
4.08 0.212757 0.212757 0.8776 
4.09 0.213122 0.213122 0.8773 
4.1 0.213486 0.213486 0.877 
4.11 0.213849 0.213849 0.8767 
4.12 0.214212 0.214212 0.8764 
4.13 0.214574 0.214574 0.8761 
4.14 0.214936 0.214936 0.8758 
4.15 0.215297 0.215297 0.8755 
4.16 0.215657 0.215657 0.8752 
4.17 0.216017 0.216017 0.8749 
4.18 0.216375 0.216375 0.8746 
4.19 0.216734 0.216734 0.8743 
4.2 0.217091 0.217091 0.874 
4.21 0.217448 0.217448 0.8737 
4.22 0.217804 0.217804 0.8734 
4.23 0.21816 0.21816 0.8731 
4.24 0.218515 0.218515 0.8728 
4.25 0.218869 0.218869 0.8725 
4.26 0.219223 0.219223 0.8722 
4.27 0.219576 0.219576 0.8719 
4.28 0.219928 0.219928 0.8716 
4.29 0.22028 0.22028 0.8713 
4.3 0.220631 0.220631 0.871 
4.31 0.220981 0.220981 0.8707 
4.32 0.221331 0.221331 0.8704 
4.33 0.22168 0.22168 0.8701 
4.34 0.222028 0.222028 0.8698 
4.35 0.222376 0.222376 0.8695 
4.36 0.222723 0.222723 0.8692 
4.37 0.22307 0.22307 0.8689 
4.38 0.223416 0.223416 0.8686 
4.39 0.223761 0.223761 0.8683 
4.4 0.224105 0.224105 0.868 
4.41 0.224449 0.224449 0.8677 
4.42 0.224792 0.224792 0.8674 
4.43 0.225135 0.225135 0.8671 
4.44 0.225477 0.225477 0.8668 
4.45 0.225818 0.225818 0.8665 
4.46 0.226159 0.226159 0.8662 
4.47 0.226499 0.226499 0.8659 
4.48 0.226839 0.226839 0.8656 
4.49 0.227177 0.227177 0.8653 
4.5 0.227515 0.227515 0.865 
4.51 0.227853 0.227853 0.8647 
4.52 0.22819 0.22819 0.8644 
4.53 0.228526 0.228526 0.8641 
4.54 0.228862 0.228862 0.8638 
4.55 0.229196 0.229196 0.8635 
4.56 0.229531 0.229531 0.8632 
4.57 0.229864 0.229864 0.8629 
4.58 0.230197 0.230197 0.8626 
4.59 0.23053 0.23053 0.8623 
4.6 0.230862 0.230862 0.862 
4.61 0.231193 0.231193 0.8617 
4.62 0.231523 0.231523 0.8614 
4.63 0.231853 0.231853 0.8611 
4.64 0.232182 0.232182 0.8608 
4.65 0.232511 0.232511 0.8605 
4.66 0.232839 0.232839 0.8602 
4.67 0.233166 0.233166 0.8599 
4.68 0.233493 0.233493 0.8596 
4.69 0.233819 0.233819 0.8593 
4.7 0.234145 0.234145 0.859 
4.71 0.23447 0.23447 0.8587 
4.72 0.234794 0.234794 0.8584 
4.73 0.235117 0.235117 0.8581 
4.74 0.23544 0.23544 0.8578 
4.75 0.235763 0.235763 0.8575 
4.76 0.236084 0.236084 0.8572 
4.77 0.236406 0.236406 0.8569 
4.78 0.236726 0.236726 0.8566 
4.79 0.237046 0.237046 0.8563 
4.8 0.237365 0.237365 0.856 
4.81 0.237684 0.237684 0.8557 
4.82 0.238002 0.238002 0.8554 
4.83 0.238319 0.238319 0.8551 
4.84 0.238636 0.238636 0.8548 
4.85 0.238952 0.238952 0.8545 
4.86 0.239268 0.239268 0.8542 
4.87 0.239583 0.239583 0.8539 
4.88 0.239897 0.239897 0.8536 
4.89 0.240211 0.240211 0.8533 
4.9 0.240524 0.240524 0.853 
4.91 0.240836 0.240836 0.8527 
4.92 0.241148 0.241148 0.8524 
4.93 0.241459 0.241459 0.8521 
4.94 0.24177 0.24177 0.8518 
4.95 0.24208 0.24208 0.8515 
4.96 0.242389 0.242389 0.8512 
4.97 0.242698 0.242698 0.8509 
4.98 0.243006 0.243006 0.8506 
4.99 0.243314 0.243314 0.8503 
5 0.243621 0.243621 0.85 
5.01 0.243927 0.243927 0.8497 
5.02 0.244233 0.244233 0.8494 
5.03 0.244538 0.244538 0.8491 
5.04 0.244843 0.244843 0.8488 
5.05 0.245147 0.245147 0.8485 
5.06 0.24545 0.24545 0.8482 
5.07 0.245753 0.245753 0.8479 
5.08 0.246055 0.246055 0.8476 
5.09 0.246357 0.246357 0.8473 
5.1 0.246658 0.246658 0.847 
5.11 0.246958 0.246958 0.8467 
5.12 0.247258 0.247258 0.8464 
5.13 0.247557 0.247557 0.8461 
5.14 0.247855 0.247855 0.8458 
5.15 0.248153 0.248153 0.8455 
5.16 0.248451 0.248451 0.8452 
5.17 0.248747 0.248747 0.8449 
5.18 0.249044 0.249044 0.8446 
5.19 0.249339 0.249339 0.8443 
5.2 0.249634 0.249634 0.844 
5.21 0.249928 0.249928 0.8437 
5.22 0.250222 0.250222 0.8434 
5.23 0.250515 0.250515 0.8431 
5.24 0.250808 0.250808 0.8428 
5.25 0.2511 0.2511 0.8425 
5.26 0.251391 0.251391 0.8422 
5.27 0.251682 0.251682 0.8419 
5.28 0.251972 0.251972 0.8416 
5.29 0.252262 0.252262 0.8413 
5.3 0.252551 0.252551 0.841 
5.31 0.25284 0.25284 0.8407 
5.32 0.253127 0.253127 0.8404 
5.33 0.253415 0.253415 0.8401 
5.34 0.253701 0.253701 0.8398 
5.35 0.253987 0.253987 0.8395 
5.36 0.254273 0.254273 0.8392 
5.37 0.254558 0.254558 0.8389 
5.38 0.254842 0.254842 0.8386 
5.39 0.255126 0.255126 0.8383 
5.4 0.255409 0.255409 0.838 
5.41 0.255692 0.255692 0.8377 
5.42 0.255974 0.255974 0.8374 
5.43 0.256255 0.256255 0.8371 
5.44 0.256536 0.256536 0.8368 
5.45 0.256816 0.256816 0.8365 
5.46 0.257096 0.257096 0.8362 
5.47 0.257375 0.257375 0.8359 
5.48 0.257654 0.257654 0.8356 
5.49 0.257932 0.257932 0.8353 
5.5 0.258209 0.258209 0.835 
5.51 0.258486 0.258486 0.8347 
5.52 0.258762 0.258762 0.8344 
5.53 0.259038 0.259038 0.8341 
5.54 0.259313 0.259313 0.8338 
5.55 0.259587 0.259587 0.8335 
5.56 0.259861 0.259861 0.8332 
5.57 0.260134 0.260134 0.8329 
5.58 0.260407 0.260407 0.8326 
5.59 0.260679 0.260679 0.8323 
5.6 0.260951 0.260951 0.832 
5.61 0.261222 0.261222 0.8317 
5.62 0.261492 0.261492 0.8314 
5.63 0.261762 0.261762 0.8311 
5.64 0.262032 0.262032 0.8308 
5.65 0.2623 0.2623 0.8305 
5.66 0.262569 0.262569 0.8302 
5.67 0.262836 0.262836 0.8299 
5.68 0.263103 0.263103 0.8296 
5.69 0.26337 0.26337 0.8293 
5.7 0.263636 0.263636 0.829 
5.71 0.263901 0.263901 0.8287 
5.72 0.264166 0.264166 0.8284 
5.73 0.26443 0.26443 0.8281 
5.74 0.264694 0.264694 0.8278 
5.75 0.264957 0.264957 0.8275 
5.76 0.26522 0.26522 0.8272 
5.77 0.265482 0.265482 0.8269 
5.78 0.265743 0.265743 0.8266 
5.79 0.266004 0.266004 0.8263 
5.8 0.266264 0.266264 0.826 
5.81 0.266524 0.266524 0.8257 
5.82 0.266783 0.266783 0.8254 
5.83 0.267042 0.267042 0.8251 
5.84 0.2673 0.2673 0.8248 
5.85 0.267557 0.267557 0.8245 
5.86 0.267814 0.267814 0.8242 
5.87 0.268071 0.268071 0.8239 
5.88 0.268326 0.268326 0.8236 
5.89 0.268582 0.268582 0.8233 
5.9 0.268836 0.268836 0.823 
5.91 0.26909 0.26909 0.8227 
5.92 0.269344 0.269344 0.8224 
5.93 0.269597 0.269597 0.8221 
5.94 0.26985 0.26985 0.8218 
5.95 0.270102 0.270102 0.8215 
5.96 0.270353 0.270353 0.8212 
5.97 0.270604 0.270604 0.8209 
5.98 0.270854 0.270854 0.8206 
5.99 0.271104 0.271104 0.8203 
6 0.271353 0.271353 0.82 
6.01 0.271602 0.271602 0.8197 
6.02 0.27185 0.27185 0.8194 
6.03 0.272097 0.272097 0.8191 
6.04 0.272344 0.272344 0.8188 
6.05 0.272591 0.272591 0.8185 
6.06 0.272837 0.272837 0.8182 
6.07 0.273082 0.273082 0.8179 
6.08 0.273327 0.273327 0.8176 
6.09 0.273571 0.273571 0.8173 
6.1 0.273815 0.273815 0.817 
6.11 0.274058 0.274058 0.8167 
6.12 0.274301 0.274301 0.8164 
6.13 0.274543 0.274543 0.8161 
6.14 0.274784 0.274784 0.8158 
6.15 0.275025 0.275025 0.8155 
6.16 0.275266 0.275266 0.8152 
6.17 0.275506 0.275506 0.8149 
6.18 0.275745 0.275745 0.8146 
6.19 0.275984 0.275984 0.8143 
6.2 0.276222 0.276222 0.814 
6.21 0.27646 0.27646 0.8137 
6.22 0.276697 0.276697 0.8134 
6.23 0.276934 0.276934 0.8131 
6.24 0.27717 0.27717 0.8128 
6.25 0.277406 0.277406 0.8125 
6.26 0.277641 0.277641 0.8122 
6.27 0.277876 0.277876 0.8119 
6.28 0.27811 0.27811 0.8116 
6.29 0.278343 0.278343 0.8113 
6.3 0.278576 0.278576 0.811 
6.31 0.278808 0.278808 0.8107 
6.32 0.27904 0.27904 0.8104 
6.33 0.279272 0.279272 0.8101 
6.34 0.279503 0.279503 0.8098 
6.35 0.279733 0.279733 0.8095 
6.36 0.279963 0.279963 0.8092 
6.37 0.280192 0.280192 0.8089 
6.38 0.280421 0.280421 0.8086 
6.39 0.280649 0.280649 0.8083 
6.4 0.280876 0.280876 0.808 
6.41 0.281104 0.281104 0.8077 
6.42 0.28133 0.28133 0.8074 
6.43 0.281556 0.281556 0.8071 
6.44 0.281782 0.281782 0.8068 
6.45 0.282007 0.282007 0.8065 
6.46 0.282231 0.282231 0.8062 
6.47 0.282455 0.282455 0.8059 
6.48 0.282679 0.282679 0.8056 
6.49 0.282902 0.282902 0.8053 
6.5 0.283124 0.283124 0.805 
6.51 0.283346 0.283346 0.8047 
6.52 0.283567 0.283567 0.8044 
6.53 0.283788 0.283788 0.8041 
6.54 0.284008 0.284008 0.8038 
6.55 0.284228 0.284228 0.8035 
6.56 0.284447 0.284447 0.8032 
6.57 0.284666 0.284666 0.8029 
6.58 0.284884 0.284884 0.8026 
6.59 0.285102 0.285102 0.8023 
6.6 0.285319 0.285319 0.802 
6.61 0.285536 0.285536 0.8017 
6.62 0.285752 0.285752 0.8014 
6.63 0.285968 0.285968 0.8011 
6.64 0.286183 0.286183 0.8008 
6.65 0.286398 0.286398 0.8005 
6.66 0.286612 0.286612 0.8002 
6.67 0.286825 0.286825 0.7999 
6.68 0.287038 0.287038 0.7996 
6.69 0.287251 0.287251 0.7993 
6.7 0.287463 0.287463 0.799 
6.71 0.287674 0.287674 0.7987 
6.72 0.287885 0.287885 0.7984 
6.73 0.288096 0.288096 0.7981 
6.74 0.288306 0.288306 0.7978 
6.75 0.288516 0.288516 0.7975 
6.76 0.288724 0.288724 0.7972 
6.77 0.288933 0.288933 0.7969 
6.78 0.289141 0.289141 0.7966 
6.79 0.289348 0.289348 0.7963 
6.8 0.289555 0.289555 0.796 
6.81 0.289762 0.289762 0.7957 
6.82 0.289968 0.289968 0.7954 
6.83 0.290173 0.290173 0.7951 
6.84 0.290378 0.290378 0.7948 
6.85 0.290583 0.290583 0.7945 
6.86 0.290786 0.290786 0.7942 
6.87 0.29099 0.29099 0.7939 
6.88 0.291193 0.291193 0.7936 
6.89 0.291395 0.291395 0.7933 
6.9 0.291597 0.291597 0.793 
6.91 0.291798 0.291798 0.7927 
6.92 0.291999 0.291999 0.7924 
6.93 0.2922 0.2922 0.7921 
6.94 0.2924 0.2924 0.7918 
6.95 0.292599 0.292599 0.7915 
6.96 0.292798 0.292798 0.7912 
6.97 0.292996 0.292996 0.7909 
6.98 0.293194 0.293194 0.7906 
6.99 0.293392 0.293392 0.7903 
7 0.293589 0.293589 0.79 
7.01 0.293785 0.293785 0.7897 
7.02 0.293981 0.293981 0.7894 
7.03 0.294176 0.294176 0.7891 
7.04 0.294371 0.294371 0.7888 
7.05 0.294566 0.294566 0.7885 
7.06 0.29476 0.29476 0.7882 
7.07 0.294953 0.294953 0.7879 
7.08 0.295146 0.295146 0.7876 
7.09 0.295338 0.295338 0.7873 
7.1 0.29553 0.29553 0.787 
7.11 0.295722 0.295722 0.7867 
7.12 0.295913 0.295913 0.7864 
7.13 0.296103 0.296103 0.7861 
7.14 0.296293 0.296293 0.7858 
7.15 0.296483 0.296483 0.7855 
7.16 0.296672 0.296672 0.7852 
7.17 0.29686 0.29686 0.7849 
7.18 0.297048 0.297048 0.7846 
7.19 0.297236 0.297236 0.7843 
7.2 0.297423 0.297423 0.784 
7.21 0.29761 0.29761 0.7837 
7.22 0.297796 0.297796 0.7834 
7.23 0.297981 0.297981 0.7831 
7.24 0.298166 0.298166 0.7828 
7.25 0.298351 0.298351 0.7825 
7.26 0.298535 0.298535 0.7822 
7.27 0.298719 0.298719 0.7819 
7.28 0.298902 0.298902 0.7816 
7.29 0.299085 0.299085 0.7813 
7.3 0.299267 0.299267 0.781 
7.31 0.299449 0.299449 0.7807 
7.32 0.29963 0.29963 0.7804 
7.33 0.299811 0.299811 0.7801 
7.34 0.299991 0.299991 0.7798 
7.35 0.300171 0.300171 0.7795 
7.36 0.30035 0.30035 0.7792 
7.37 0.300529 0.300529 0.7789 
7.38 0.300707 0.300707 0.7786 
7.39 0.300885 0.300885 0.7783 
7.4 0.301063 0.301063 0.778 
7.41 0.30124 0.30124 0.7777 
7.42 0.301416 0.301416 0.7774 
7.43 0.301592 0.301592 0.7771 
7.44 0.301768 0.301768 0.7768 
7.45 0.301943 0.301943 0.7765 
7.46 0.302117 0.302117 0.7762 
7.47 0.302291 0.302291 0.7759 
7.48 0.302465 0.302465 0.7756 
7.49 0.302638 0.302638 0.7753 
7.5 0.302811 0.302811 0.775 
7.51 0.302983 0.302983 0.7747 
7.52 0.303155 0.303155 0.7744 
7.53 0.303326 0.303326 0.7741 
7.54 0.303497 0.303497 0.7738 
7.55 0.303667 0.303667 0.7735 
7.56 0.303837 0.303837 0.7732 
7.57 0.304006 0.304006 0.7729 
7.58 0.304175 0.304175 0.7726 
7.59 0.304343 0.304343 0.7723 
7.6 0.304511 0.304511 0.772 
7.61 0.304679 0.304679 0.7717 
7.62 0.304846 0.304846 0.7714 
7.63 0.305012 0.305012 0.7711 
7.64 0.305179 0.305179 0.7708 
7.65 0.305344 0.305344 0.7705 
7.66 0.305509 0.305509 0.7702 
7.67 0.305674 0.305674 0.7699 
7.68 0.305838 0.305838 0.7696 
7.69 0.306002 0.306002 0.7693 
7.7 0.306165 0.306165 0.769 
7.71 0.306328 0.306328 0.7687 
7.72 0.30649 0.30649 0.7684 
7.73 0.306652 0.306652 0.7681 
7.74 0.306814 0.306814 0.7678 
7.75 0.306975 0.306975 0.7675 
7.76 0.307135 0.307135 0.7672 
7.77 0.307295 0.307295 0.7669 
7.78 0.307455 0.307455 0.7666 
7.79 0.307614 0.307614 0.7663 
7.8 0.307773 0.307773 0.766 
7.81 0.307931 0.307931 0.7657 
7.82 0.308089 0.308089 0.7654 
7.83 0.308246 0.308246 0.7651 
7.84 0.308403 0.308403 0.7648 
7.85 0.308559 0.308559 0.7645 
7.86 0.308715 0.308715 0.7642 
7.87 0.308871 0.308871 0.7639 
7.88 0.309026 0.309026 0.7636 
7.89 0.30918 0.30918 0.7633 
7.9 0.309335 0.309335 0.763 
7.91 0.309488 0.309488 0.7627 
7.92 0.309641 0.309641 0.7624 
7.93 0.309794 0.309794 0.7621 
7.94 0.309946 0.309946 0.7618 
7.95 0.310098 0.310098 0.7615 
7.96 0.31025 0.31025 0.7612 
7.97 0.310401 0.310401 0.7609 
7.98 0.310551 0.310551 0.7606 
7.99 0.310701 0.310701 0.7603 
8 0.310851 0.310851 0.76 
8.01 0.311 0.311 0.7597 
8.02 0.311149 0.311149 0.7594 
8.03 0.311297 0.311297 0.7591 
8.04 0.311445 0.311445 0.7588 
8.05 0.311592 0.311592 0.7585 
8.06 0.311739 0.311739 0.7582 
8.07 0.311885 0.311885 0.7579 
8.08 0.312031 0.312031 0.7576 
8.09 0.312177 0.312177 0.7573 
8.1 0.312322 0.312322 0.757 
8.11 0.312467 0.312467 0.7567 
8.12 0.312611 0.312611 0.7564 
8.13 0.312755 0.312755 0.7561 
8.14 0.312898 0.312898 0.7558 
8.15 0.313041 0.313041 0.7555 
8.16 0.313184 0.313184 0.7552 
8.17 0.313326 0.313326 0.7549 
8.18 0.313467 0.313467 0.7546 
8.19 0.313608 0.313608 0.7543 
8.2 0.313749 0.313749 0.754 
8.21 0.313889 0.313889 0.7537 
8.22 0.314029 0.314029 0.7534 
8.23 0.314168 0.314168 0.7531 
8.24 0.314307 0.314307 0.7528 
8.25 0.314446 0.314446 0.7525 
8.26 0.314584 0.314584 0.7522 
8.27 0.314722 0.314722 0.7519 
8.28 0.314859 0.314859 0.7516 
8.29 0.314995 0.314995 0.7513 
8.3 0.315132 0.315132 0.751 
8.31 0.315268 0.315268 0.7507 
8.32 0.315403 0.315403 0.7504 
8.33 0.315538 0.315538 0.7501 
8.34 0.315673 0.315673 0.7498 
8.35 0.315807 0.315807 0.7495 
8.36 0.31594 0.31594 0.7492 
8.37 0.316074 0.316074 0.7489 
8.38 0.316207 0.316207 0.7486 
8.39 0.316339 0.316339 0.7483 
8.4 0.316471 0.316471 0.748 
8.41 0.316602 0.316602 0.7477 
8.42 0.316734 0.316734 0.7474 
8.43 0.316864 0.316864 0.7471 
8.44 0.316994 0.316994 0.7468 
8.45 0.317124 0.317124 0.7465 
8.46 0.317254 0.317254 0.7462 
8.47 0.317383 0.317383 0.7459 
8.48 0.317511 0.317511 0.7456 
8.49 0.317639 0.317639 0.7453 
8.5 0.317767 0.317767 0.745 
8.51 0.317894 0.317894 0.7447 
8.52 0.318021 0.318021 0.7444 
8.53 0.318147 0.318147 0.7441 
8.54 0.318273 0.318273 0.7438 
8.55 0.318399 0.318399 0.7435 
8.56 0.318524 0.318524 0.7432 
8.57 0.318648 0.318648 0.7429 
8.58 0.318773 0.318773 0.7426 
8.59 0.318897 0.318897 0.7423 
8.6 0.31902 0.31902 0.742 
8.61 0.319143 0.319143 0.7417 
8.62 0.319265 0.319265 0.7414 
8.63 0.319388 0.319388 0.7411 
8.64 0.319509 0.319509 0.7408 
8.65 0.319631 0.319631 0.7405 
8.66 0.319752 0.319752 0.7402 
8.67 0.319872 0.319872 0.7399 
8.68 0.319992 0.319992 0.7396 
8.69 0.320112 0.320112 0.7393 
8.7 0.320231 0.320231 0.739 
8.71 0.32035 0.32035 0.7387 
8.72 0.320468 0.320468 0.7384 
8.73 0.320586 0.320586 0.7381 
8.74 0.320703 0.320703 0.7378 
8.75 0.32082 0.32082 0.7375 
8.76 0.320937 0.320937 0.7372 
8.77 0.321053 0.321053 0.7369 
8.78 0.321169 0.321169 0.7366 
8.79 0.321285 0.321285 0.7363 
8.8 0.3214 0.3214 0.736 
8.81 0.321514 0.321514 0.7357 
8.82 0.321628 0.321628 0.7354 
8.83 0.321742 0.321742 0.7351 
8.84 0.321856 0.321856 0.7348 
8.85 0.321969 0.321969 0.7345 
8.86 0.322081 0.322081 0.7342 
8.87 0.322193 0.322193 0.7339 
8.88 0.322305 0.322305 0.7336 
8.89 0.322416 0.322416 0.7333 
8.9 0.322527 0.322527 0.733 
8.91 0.322638 0.322638 0.7327 
8.92 0.322748 0.322748 0.7324 
8.93 0.322857 0.322857 0.7321 
8.94 0.322967 0.322967 0.7318 
8.95 0.323075 0.323075 0.7315 
8.96 0.323184 0.323184 0.7312 
8.97 0.323292 0.323292 0.7309 
8.98 0.323399 0.323399 0.7306 
8.99 0.323507 0.323507 0.7303 
9 0.323613 0.323613 0.73 
9.01 0.32372 0.32372 0.7297 
9.02 0.323826 0.323826 0.7294 
9.03 0.323931 0.323931 0.7291 
9.04 0.324036 0.324036 0.7288 
9.05 0.324141 0.324141 0.7285 
9.06 0.324246 0.324246 0.7282 
9.07 0.32435 0.32435 0.7279 
9.08 0.324453 0.324453 0.7276 
9.09 0.324556 0.324556 0.7273 
9.1 0.324659 0.324659 0.727 
9.11 0.324761 0.324761 0.7267 
9.12 0.324863 0.324863 0.7264 
9.13 0.324965 0.324965 0.7261 
9.14 0.325066 0.325066 0.7258 
9.15 0.325167 0.325167 0.7255 
9.16 0.325267 0.325267 0.7252 
9.17 0.325367 0.325367 0.7249 
9.18 0.325466 0.325466 0.7246 
9.19 0.325566 0.325566 0.7243 
9.2 0.325664 0.325664 0.724 
9.21 0.325763 0.325763 0.7237 
9.22 0.325861 0.325861 0.7234 
9.23 0.325958 0.325958 0.7231 
9.24 0.326055 0.326055 0.7228 
9.25 0.326152 0.326152 0.7225 
9.26 0.326248 0.326248 0.7222 
9.27 0.326344 0.326344 0.7219 
9.28 0.32644 0.32644 0.7216 
9.29 0.326535 0.326535 0.7213 
9.3 0.32663 0.32663 0.721 
9.31 0.326724 0.326724 0.7207 
9.32 0.326818 0.326818 0.7204 
9.33 0.326912 0.326912 0.7201 
9.34 0.327005 0.327005 0.7198 
9.35 0.327098 0.327098 0.7195 
9.36 0.32719 0.32719 0.7192 
9.37 0.327282 0.327282 0.7189 
9.38 0.327374 0.327374 0.7186 
9.39 0.327465 0.327465 0.7183 
9.4 0.327556 0.327556 0.718 
9.41 0.327646 0.327646 0.7177 
9.42 0.327736 0.327736 0.7174 
9.43 0.327826 0.327826 0.7171 
9.44 0.327915 0.327915 0.7168 
9.45 0.328004 0.328004 0.7165 
9.46 0.328093 0.328093 0.7162 
9.47 0.328181 0.328181 0.7159 
9.48 0.328268 0.328268 0.7156 
9.49 0.328356 0.328356 0.7153 
9.5 0.328443 0.328443 0.715 
9.51 0.328529 0.328529 0.7147 
9.52 0.328615 0.328615 0.7144 
9.53 0.328701 0.328701 0.7141 
9.54 0.328787 0.328787 0.7138 
9.55 0.328872 0.328872 0.7135 
9.56 0.328956 0.328956 0.7132 
9.57 0.329041 0.329041 0.7129 
9.58 0.329124 0.329124 0.7126 
9.59 0.329208 0.329208 0.7123 
9.6 0.329291 0.329291 0.712 
9.61 0.329374 0.329374 0.7117 
9.62 0.329456 0.329456 0.7114 
9.63 0.329538 0.329538 0.7111 
9.64 0.32962 0.32962 0.7108 
9.65 0.329701 0.329701 0.7105 
9.66 0.329782 0.329782 0.7102 
9.67 0.329862 0.329862 0.7099 
9.68 0.329942 0.329942 0.7096 
9.69 0.330022 0.330022 0.7093 
9.7 0.330101 0.330101 0.709 
9.71 0.33018 0.33018 0.7087 
9.72 0.330258 0.330258 0.7084 
9.73 0.330336 0.330336 0.7081 
9.74 0.330414 0.330414 0.7078 
9.75 0.330492 0.330492 0.7075 
9.76 0.330569 0.330569 0.7072 
9.77 0.330645 0.330645 0.7069 
9.78 0.330722 0.330722 0.7066 
9.79 0.330797 0.330797 0.7063 
9.8 0.330873 0.330873 0.706 
9.81 0.330948 0.330948 0.7057 
9.82 0.331023 0.331023 0.7054 
9.83 0.331097 0.331097 0.7051 
9.84 0.331171 0.331171 0.7048 
9.85 0.331245 0.331245 0.7045 
9.86 0.331318 0.331318 0.7042 
9.87 0.331391 0.331391 0.7039 
9.88 0.331463 0.331463 0.7036 
9.89 0.331536 0.331536 0.7033 
9.9 0.331607 0.331607 0.703 
9.91 0.331679 0.331679 0.7027 
9.92 0.33175 0.33175 0.7024 
9.93 0.33182 0.33182 0.7021 
9.94 0.331891 0.331891 0.7018 
9.95 0.331961 0.331961 0.7015 
9.96 0.33203 0.33203 0.7012 
9.97 0.332099 0.332099 0.7009 
9.98 0.332168 0.332168 0.7006 
9.99 0.332237 0.332237 0.7003 
10 0.332305 0.332305 0.7 

