0 0 0 1 
0.01 0.001 0.001 1.001 
0.02 0.002001 0.002001 1.002 
0.03 0.003003 0.003003 1.003 
0.04 0.004006 0.004006 1.00401 
0.05 0.00501001 0.00501001 1.00501 
0.06 0.00601502 0.00601502 1.00602 
0.07 0.00702104 0.00702104 1.00702 
0.08 0.00802806 0.00802806 1.00803 
0.09 0.00903608 0.00903608 1.00904 
0.1 0.0100451 0.0100451 1.01005 
0.11 0.0110552 0.0110552 1.01106 
0.12 0.0120662 0.0120662 1.01207 
0.13 0.0130783 0.0130783 1.01308 
0.14 0.0140914 0.0140914 1.01409 
0.15 0.0151055 0.0151055 1.01511 
0.16 0.0161206 0.0161206 1.01612 
0.17 0.0171367 0.0171367 1.01714 
0.18 0.0181538 0.0181538 1.01815 
0.19 0.019172 0.019172 1.01917 
0.2 0.0201911 0.0201911 1.02019 
0.21 0.0212113 0.0212113 1.02121 
0.22 0.0222325 0.0222325 1.02223 
0.23 0.0232548 0.0232548 1.02325 
0.24 0.024278 0.024278 1.02428 
0.25 0.0253023 0.0253023 1.0253 
0.26 0.0263276 0.0263276 1.02633 
0.27 0.0273539 0.0273539 1.02735 
0.28 0.0283813 0.0283813 1.02838 
0.29 0.0294097 0.0294097 1.02941 
0.3 0.0304391 0.0304391 1.03044 
0.31 0.0314695 0.0314695 1.03147 
0.32 0.032501 0.032501 1.0325 
0.33 0.0335335 0.0335335 1.03353 
0.34 0.034567 0.034567 1.03457 
0.35 0.0356016 0.0356016 1.0356 
0.36 0.0366372 0.0366372 1.03664 
0.37 0.0376738 0.0376738 1.03767 
0.38 0.0387115 0.0387115 1.03871 
0.39 0.0397502 0.0397502 1.03975 
0.4 0.04079 0.04079 1.04079 
0.41 0.0418308 0.0418308 1.04183 
0.42 0.0428726 0.0428726 1.04287 
0.43 0.0439155 0.0439155 1.04392 
0.44 0.0449594 0.0449594 1.04496 
0.45 0.0460043 0.0460043 1.046 
0.46 0.0470503 0.0470503 1.04705 
0.47 0.0480974 0.0480974 1.0481 
0.48 0.0491455 0.0491455 1.04915 
0.49 0.0501946 0.0501946 1.05019 
0.5 0.0512448 0.0512448 1.05124 
0.51 0.0522961 0.0522961 1.0523 
0.52 0.0533484 0.0533484 1.05335 
0.53 0.0544017 0.0544017 1.0544 
0.54 0.0554561 0.0554561 1.05546 
0.55 0.0565116 0.0565116 1.05651 
0.56 0.0575681 0.0575681 1.05757 
0.57 0.0586257 0.0586257 1.05863 
0.58 0.0596843 0.0596843 1.05968 
0.59 0.060744 0.060744 1.06074 
0.6 0.0618047 0.0618047 1.0618 
0.61 0.0628665 0.0628665 1.06287 
0.62 0.0639294 0.0639294 1.06393 
0.63 0.0649933 0.0649933 1.06499 
0.64 0.0660583 0.0660583 1.06606 
0.65 0.0671244 0.0671244 1.06712 
0.66 0.0681915 0.0681915 1.06819 
0.67 0.0692597 0.0692597 1.06926 
0.68 0.0703289 0.0703289 1.07033 
0.69 0.0713993 0.0713993 1.0714 
0.7 0.0724707 0.0724707 1.07247 
0.71 0.0735431 0.0735431 1.07354 
0.72 0.0746167 0.0746167 1.07462 
0.73 0.0756913 0.0756913 1.07569 
0.74 0.076767 0.076767 1.07677 
0.75 0.0778438 0.0778438 1.07784 
0.76 0.0789216 0.0789216 1.07892 
0.77 0.0800005 0.0800005 1.08 
0.78 0.0810805 0.0810805 1.08108 
0.79 0.0821616 0.0821616 1.08216 
0.8 0.0832438 0.0832438 1.08324 
0.81 0.084327 0.084327 1.08433 
0.82 0.0854113 0.0854113 1.08541 
0.83 0.0864967 0.0864967 1.0865 
0.84 0.0875832 0.0875832 1.08758 
0.85 0.0886708 0.0886708 1.08867 
0.86 0.0897595 0.0897595 1.08976 
0.87 0.0908493 0.0908493 1.09085 
0.88 0.0919401 0.0919401 1.09194 
0.89 0.093032 0.093032 1.09303 
0.9 0.0941251 0.0941251 1.09413 
0.91 0.0952192 0.0952192 1.09522 
0.92 0.0963144 0.0963144 1.09631 
0.93 0.0974107 0.0974107 1.09741 
0.94 0.0985081 0.0985081 1.09851 
0.95 0.0996067 0.0996067 1.09961 
0.96 0.100706 0.100706 1.10071 
0.97 0.101807 0.101807 1.10181 
0.98 0.102909 0.102909 1.10291 
0.99 0.104012 0.104012 1.10401 
1 0.105116 0.105116 1.10512 
1.01 0.106221 0.106221 1.10622 
1.02 0.107327 0.107327 1.10733 
1.03 0.108434 0.108434 1.10843 
1.04 0.109543 0.109543 1.10954 
1.05 0.110652 0.110652 1.11065 
1.06 0.111763 0.111763 1.11176 
1.07 0.112875 0.112875 1.11287 
1.08 0.113988 0.113988 1.11399 
1.09 0.115102 0.115102 1.1151 
1.1 0.116217 0.116217 1.11622 
1.11 0.117333 0.117333 1.11733 
1.12 0.11845 0.11845 1.11845 
1.13 0.119569 0.119569 1.11957 
1.14 0.120688 0.120688 1.12069 
1.15 0.121809 0.121809 1.12181 
1.16 0.122931 0.122931 1.12293 
1.17 0.124054 0.124054 1.12405 
1.18 0.125178 0.125178 1.12518 
1.19 0.126303 0.126303 1.1263 
1.2 0.127429 0.127429 1.12743 
1.21 0.128557 0.128557 1.12856 
1.22 0.129685 0.129685 1.12969 
1.23 0.130815 0.130815 1.13081 
1.24 0.131946 0.131946 1.13195 
1.25 0.133078 0.133078 1.13308 
1.26 0.134211 0.134211 1.13421 
1.27 0.135345 0.135345 1.13534 
1.28 0.13648 0.13648 1.13648 
1.29 0.137617 0.137617 1.13762 
1.3 0.138754 0.138754 1.13875 
1.31 0.139893 0.139893 1.13989 
1.32 0.141033 0.141033 1.14103 
1.33 0.142174 0.142174 1.14217 
1.34 0.143316 0.143316 1.14332 
1.35 0.14446 0.14446 1.14446 
1.36 0.145604 0.145604 1.1456 
1.37 0.14675 0.14675 1.14675 
1.38 0.147896 0.147896 1.1479 
1.39 0.149044 0.149044 1.14904 
1.4 0.150193 0.150193 1.15019 
1.41 0.151344 0.151344 1.15134 
1.42 0.152495 0.152495 1.15249 
1.43 0.153647 0.153647 1.15365 
1.44 0.154801 0.154801 1.1548 
1.45 0.155956 0.155956 1.15596 
1.46 0.157112 0.157112 1.15711 
1.47 0.158269 0.158269 1.15827 
1.48 0.159427 0.159427 1.15943 
1.49 0.160587 0.160587 1.16059 
1.5 0.161747 0.161747 1.16175 
1.51 0.162909 0.162909 1.16291 
1.52 0.164072 0.164072 1.16407 
1.53 0.165236 0.165236 1.16524 
1.54 0.166401 0.166401 1.1664 
1.55 0.167568 0.167568 1.16757 
1.56 0.168735 0.168735 1.16874 
1.57 0.169904 0.169904 1.1699 
1.58 0.171074 0.171074 1.17107 
1.59 0.172245 0.172245 1.17224 
1.6 0.173417 0.173417 1.17342 
1.61 0.17459 0.17459 1.17459 
1.62 0.175765 0.175765 1.17577 
1.63 0.176941 0.176941 1.17694 
1.64 0.178118 0.178118 1.17812 
1.65 0.179296 0.179296 1.1793 
1.66 0.180475 0.180475 1.18048 
1.67 0.181656 0.181656 1.18166 
1.68 0.182837 0.182837 1.18284 
1.69 0.18402 0.18402 1.18402 
1.7 0.185204 0.185204 1.1852 
1.71 0.186389 0.186389 1.18639 
1.72 0.187576 0.187576 1.18758 
1.73 0.188763 0.188763 1.18876 
1.74 0.189952 0.189952 1.18995 
1.75 0.191142 0.191142 1.19114 
1.76 0.192333 0.192333 1.19233 
1.77 0.193526 0.193526 1.19353 
1.78 0.194719 0.194719 1.19472 
1.79 0.195914 0.195914 1.19591 
1.8 0.19711 0.19711 1.19711 
1.81 0.198307 0.198307 1.19831 
1.82 0.199505 0.199505 1.19951 
1.83 0.200705 0.200705 1.2007 
1.84 0.201905 0.201905 1.20191 
1.85 0.203107 0.203107 1.20311 
1.86 0.20431 0.20431 1.20431 
1.87 0.205515 0.205515 1.20551 
1.88 0.20672 0.20672 1.20672 
1.89 0.207927 0.207927 1.20793 
1.9 0.209135 0.209135 1.20913 
1.91 0.210344 0.210344 1.21034 
1.92 0.211554 0.211554 1.21155 
1.93 0.212766 0.212766 1.21277 
1.94 0.213979 0.213979 1.21398 
1.95 0.215193 0.215193 1.21519 
1.96 0.216408 0.216408 1.21641 
1.97 0.217624 0.217624 1.21762 
1.98 0.218842 0.218842 1.21884 
1.99 0.220061 0.220061 1.22006 
2 0.221281 0.221281 1.22128 
2.01 0.222502 0.222502 1.2225 
2.02 0.223724 0.223724 1.22372 
2.03 0.224948 0.224948 1.22495 
2.04 0.226173 0.226173 1.22617 
2.05 0.227399 0.227399 1.2274 
2.06 0.228627 0.228627 1.22863 
2.07 0.229855 0.229855 1.22986 
2.08 0.231085 0.231085 1.23109 
2.09 0.232316 0.232316 1.23232 
2.1 0.233549 0.233549 1.23355 
2.11 0.234782 0.234782 1.23478 
2.12 0.236017 0.236017 1.23602 
2.13 0.237253 0.237253 1.23725 
2.14 0.23849 0.23849 1.23849 
2.15 0.239729 0.239729 1.23973 
2.16 0.240968 0.240968 1.24097 
2.17 0.242209 0.242209 1.24221 
2.18 0.243452 0.243452 1.24345 
2.19 0.244695 0.244695 1.2447 
2.2 0.24594 0.24594 1.24594 
2.21 0.247186 0.247186 1.24719 
2.22 0.248433 0.248433 1.24843 
2.23 0.249681 0.249681 1.24968 
2.24 0.250931 0.250931 1.25093 
2.25 0.252182 0.252182 1.25218 
2.26 0.253434 0.253434 1.25343 
2.27 0.254688 0.254688 1.25469 
2.28 0.255942 0.255942 1.25594 
2.29 0.257198 0.257198 1.2572 
2.3 0.258455 0.258455 1.25846 
2.31 0.259714 0.259714 1.25971 
2.32 0.260974 0.260974 1.26097 
2.33 0.262235 0.262235 1.26223 
2.34 0.263497 0.263497 1.2635 
2.35 0.26476 0.26476 1.26476 
2.36 0.266025 0.266025 1.26603 
2.37 0.267291 0.267291 1.26729 
2.38 0.268558 0.268558 1.26856 
2.39 0.269827 0.269827 1.26983 
2.4 0.271097 0.271097 1.2711 
2.41 0.272368 0.272368 1.27237 
2.42 0.27364 0.27364 1.27364 
2.43 0.274914 0.274914 1.27491 
2.44 0.276189 0.276189 1.27619 
2.45 0.277465 0.277465 1.27746 
2.46 0.278742 0.278742 1.27874 
2.47 0.280021 0.280021 1.28002 
2.48 0.281301 0.281301 1.2813 
2.49 0.282582 0.282582 1.28258 
2.5 0.283865 0.283865 1.28387 
2.51 0.285149 0.285149 1.28515 
2.52 0.286434 0.286434 1.28643 
2.53 0.28772 0.28772 1.28772 
2.54 0.289008 0.289008 1.28901 
2.55 0.290297 0.290297 1.2903 
2.56 0.291588 0.291588 1.29159 
2.57 0.292879 0.292879 1.29288 
2.58 0.294172 0.294172 1.29417 
2.59 0.295466 0.295466 1.29547 
2.6 0.296762 0.296762 1.29676 
2.61 0.298058 0.298058 1.29806 
2.62 0.299356 0.299356 1.29936 
2.63 0.300656 0.300656 1.30066 
2.64 0.301956 0.301956 1.30196 
2.65 0.303258 0.303258 1.30326 
2.66 0.304562 0.304562 1.30456 
2.67 0.305866 0.305866 1.30587 
2.68 0.307172 0.307172 1.30717 
2.69 0.308479 0.308479 1.30848 
2.7 0.309788 0.309788 1.30979 
2.71 0.311098 0.311098 1.3111 
2.72 0.312409 0.312409 1.31241 
2.73 0.313721 0.313721 1.31372 
2.74 0.315035 0.315035 1.31503 
2.75 0.31635 0.31635 1.31635 
2.76 0.317666 0.317666 1.31767 
2.77 0.318984 0.318984 1.31898 
2.78 0.320303 0.320303 1.3203 
2.79 0.321623 0.321623 1.32162 
2.8 0.322945 0.322945 1.32294 
2.81 0.324268 0.324268 1.32427 
2.82 0.325592 0.325592 1.32559 
2.83 0.326918 0.326918 1.32692 
2.84 0.328244 0.328244 1.32824 
2.85 0.329573 0.329573 1.32957 
2.86 0.330902 0.330902 1.3309 
2.87 0.332233 0.332233 1.33223 
2.88 0.333565 0.333565 1.33357 
2.89 0.334899 0.334899 1.3349 
2.9 0.336234 0.336234 1.33623 
2.91 0.33757 0.33757 1.33757 
2.92 0.338908 0.338908 1.33891 
2.93 0.340247 0.340247 1.34025 
2.94 0.341587 0.341587 1.34159 
2.95 0.342928 0.342928 1.34293 
2.96 0.344271 0.344271 1.34427 
2.97 0.345616 0.345616 1.34562 
2.98 0.346961 0.346961 1.34696 
2.99 0.348308 0.348308 1.34831 
3 0.349656 0.349656 1.34966 
3.01 0.351006 0.351006 1.35101 
3.02 0.352357 0.352357 1.35236 
3.03 0.353709 0.353709 1.35371 
3.04 0.355063 0.355063 1.35506 
3.05 0.356418 0.356418 1.35642 
3.06 0.357775 0.357775 1.35777 
3.07 0.359132 0.359132 1.35913 
3.08 0.360492 0.360492 1.36049 
3.09 0.361852 0.361852 1.36185 
3.1 0.363214 0.363214 1.36321 
3.11 0.364577 0.364577 1.36458 
3.12 0.365942 0.365942 1.36594 
3.13 0.367308 0.367308 1.36731 
3.14 0.368675 0.368675 1.36867 
3.15 0.370044 0.370044 1.37004 
3.16 0.371414 0.371414 1.37141 
3.17 0.372785 0.372785 1.37279 
3.18 0.374158 0.374158 1.37416 
3.19 0.375532 0.375532 1.37553 
3.2 0.376908 0.376908 1.37691 
3.21 0.378284 0.378284 1.37828 
3.22 0.379663 0.379663 1.37966 
3.23 0.381042 0.381042 1.38104 
3.24 0.382423 0.382423 1.38242 
3.25 0.383806 0.383806 1.38381 
3.26 0.38519 0.38519 1.38519 
3.27 0.386575 0.386575 1.38657 
3.28 0.387961 0.387961 1.38796 
3.29 0.389349 0.389349 1.38935 
3.3 0.390739 0.390739 1.39074 
3.31 0.39213 0.39213 1.39213 
3.32 0.393522 0.393522 1.39352 
3.33 0.394915 0.394915 1.39492 
3.34 0.39631 0.39631 1.39631 
3.35 0.397706 0.397706 1.39771 
3.36 0.399104 0.399104 1.3991 
3.37 0.400503 0.400503 1.4005 
3.38 0.401904 0.401904 1.4019 
3.39 0.403306 0.403306 1.40331 
3.4 0.404709 0.404709 1.40471 
3.41 0.406114 0.406114 1.40611 
3.42 0.40752 0.40752 1.40752 
3.43 0.408927 0.408927 1.40893 
3.44 0.410336 0.410336 1.41034 
3.45 0.411747 0.411747 1.41175 
3.46 0.413158 0.413158 1.41316 
3.47 0.414571 0.414571 1.41457 
3.48 0.415986 0.415986 1.41599 
3.49 0.417402 0.417402 1.4174 
3.5 0.418819 0.418819 1.41882 
3.51 0.420238 0.420238 1.42024 
3.52 0.421658 0.421658 1.42166 
3.53 0.42308 0.42308 1.42308 
3.54 0.424503 0.424503 1.4245 
3.55 0.425928 0.425928 1.42593 
3.56 0.427354 0.427354 1.42735 
3.57 0.428781 0.428781 1.42878 
3.58 0.43021 0.43021 1.43021 
3.59 0.43164 0.43164 1.43164 
3.6 0.433072 0.433072 1.43307 
3.61 0.434505 0.434505 1.4345 
3.62 0.435939 0.435939 1.43594 
3.63 0.437375 0.437375 1.43738 
3.64 0.438813 0.438813 1.43881 
3.65 0.440251 0.440251 1.44025 
3.66 0.441692 0.441692 1.44169 
3.67 0.443133 0.443133 1.44313 
3.68 0.444576 0.444576 1.44458 
3.69 0.446021 0.446021 1.44602 
3.7 0.447467 0.447467 1.44747 
3.71 0.448914 0.448914 1.44891 
3.72 0.450363 0.450363 1.45036 
3.73 0.451814 0.451814 1.45181 
3.74 0.453266 0.453266 1.45327 
3.75 0.454719 0.454719 1.45472 
3.76 0.456174 0.456174 1.45617 
3.77 0.45763 0.45763 1.45763 
3.78 0.459087 0.459087 1.45909 
3.79 0.460546 0.460546 1.46055 
3.8 0.462007 0.462007 1.46201 
3.81 0.463469 0.463469 1.46347 
3.82 0.464932 0.464932 1.46493 
3.83 0.466397 0.466397 1.4664 
3.84 0.467864 0.467864 1.46786 
3.85 0.469332 0.469332 1.46933 
3.86 0.470801 0.470801 1.4708 
3.87 0.472272 0.472272 1.47227 
3.88 0.473744 0.473744 1.47374 
3.89 0.475218 0.475218 1.47522 
3.9 0.476693 0.476693 1.47669 
3.91 0.47817 0.47817 1.47817 
3.92 0.479648 0.479648 1.47965 
3.93 0.481128 0.481128 1.48113 
3.94 0.482609 0.482609 1.48261 
3.95 0.484091 0.484091 1.48409 
3.96 0.485575 0.485575 1.48558 
3.97 0.487061 0.487061 1.48706 
3.98 0.488548 0.488548 1.48855 
3.99 0.490037 0.490037 1.49004 
4 0.491527 0.491527 1.49153 
4.01 0.493018 0.493018 1.49302 
4.02 0.494511 0.494511 1.49451 
4.03 0.496006 0.496006 1.49601 
4.04 0.497502 0.497502 1.4975 
4.05 0.498999 0.498999 1.499 
4.06 0.500498 0.500498 1.5005 
4.07 0.501999 0.501999 1.502 
4.08 0.503501 0.503501 1.5035 
4.09 0.505004 0.505004 1.505 
4.1 0.506509 0.506509 1.50651 
4.11 0.508016 0.508016 1.50802 
4.12 0.509524 0.509524 1.50952 
4.13 0.511033 0.511033 1.51103 
4.14 0.512544 0.512544 1.51254 
4.15 0.514057 0.514057 1.51406 
4.16 0.515571 0.515571 1.51557 
4.17 0.517086 0.517086 1.51709 
4.18 0.518603 0.518603 1.5186 
4.19 0.520122 0.520122 1.52012 
4.2 0.521642 0.521642 1.52164 
4.21 0.523164 0.523164 1.52316 
4.22 0.524687 0.524687 1.52469 
4.23 0.526212 0.526212 1.52621 
4.24 0.527738 0.527738 1.52774 
4.25 0.529266 0.529266 1.52927 
4.26 0.530795 0.530795 1.53079 
4.27 0.532326 0.532326 1.53233 
4.28 0.533858 0.533858 1.53386 
4.29 0.535392 0.535392 1.53539 
4.3 0.536927 0.536927 1.53693 
4.31 0.538464 0.538464 1.53846 
4.32 0.540003 0.540003 1.54 
4.33 0.541543 0.541543 1.54154 
4.34 0.543084 0.543084 1.54308 
4.35 0.544627 0.544627 1.54463 
4.36 0.546172 0.546172 1.54617 
4.37 0.547718 0.547718 1.54772 
4.38 0.549266 0.549266 1.54927 
4.39 0.550815 0.550815 1.55082 
4.4 0.552366 0.552366 1.55237 
4.41 0.553918 0.553918 1.55392 
4.42 0.555472 0.555472 1.55547 
4.43 0.557028 0.557028 1.55703 
4.44 0.558585 0.558585 1.55858 
4.45 0.560143 0.560143 1.56014 
4.46 0.561703 0.561703 1.5617 
4.47 0.563265 0.563265 1.56327 
4.48 0.564828 0.564828 1.56483 
4.49 0.566393 0.566393 1.56639 
4.5 0.56796 0.56796 1.56796 
4.51 0.569528 0.569528 1.56953 
4.52 0.571097 0.571097 1.5711 
4.53 0.572668 0.572668 1.57267 
4.54 0.574241 0.574241 1.57424 
4.55 0.575815 0.575815 1.57582 
4.56 0.577391 0.577391 1.57739 
4.57 0.578968 0.578968 1.57897 
4.58 0.580547 0.580547 1.58055 
4.59 0.582128 0.582128 1.58213 
4.6 0.58371 0.58371 1.58371 
4.61 0.585294 0.585294 1.58529 
4.62 0.586879 0.586879 1.58688 
4.63 0.588466 0.588466 1.58847 
4.64 0.590054 0.590054 1.59005 
4.65 0.591644 0.591644 1.59164 
4.66 0.593236 0.593236 1.59324 
4.67 0.594829 0.594829 1.59483 
4.68 0.596424 0.596424 1.59642 
4.69 0.59802 0.59802 1.59802 
4.7 0.599618 0.599618 1.59962 
4.71 0.601218 0.601218 1.60122 
4.72 0.602819 0.602819 1.60282 
4.73 0.604422 0.604422 1.60442 
4.74 0.606027 0.606027 1.60603 
4.75 0.607633 0.607633 1.60763 
4.76 0.60924 0.60924 1.60924 
4.77 0.610849 0.610849 1.61085 
4.78 0.61246 0.61246 1.61246 
4.79 0.614073 0.614073 1.61407 
4.8 0.615687 0.615687 1.61569 
4.81 0.617303 0.617303 1.6173 
4.82 0.61892 0.61892 1.61892 
4.83 0.620539 0.620539 1.62054 
4.84 0.622159 0.622159 1.62216 
4.85 0.623781 0.623781 1.62378 
4.86 0.625405 0.625405 1.62541 
4.87 0.627031 0.627031 1.62703 
4.88 0.628658 0.628658 1.62866 
4.89 0.630286 0.630286 1.63029 
4.9 0.631917 0.631917 1.63192 
4.91 0.633549 0.633549 1.63355 
4.92 0.635182 0.635182 1.63518 
4.93 0.636817 0.636817 1.63682 
4.94 0.638454 0.638454 1.63845 
4.95 0.640093 0.640093 1.64009 
4.96 0.641733 0.641733 1.64173 
4.97 0.643374 0.643374 1.64337 
4.98 0.645018 0.645018 1.64502 
4.99 0.646663 0.646663 1.64666 
5 0.648309 0.648309 1.64831 
5.01 0.649958 0.649958 1.64996 
5.02 0.651608 0.651608 1.65161 
5.03 0.653259 0.653259 1.65326 
5.04 0.654913 0.654913 1.65491 
5.05 0.656567 0.656567 1.65657 
5.06 0.658224 0.658224 1.65822 
5.07 0.659882 0.659882 1.65988 
5.08 0.661542 0.661542 1.66154 
5.09 0.663204 0.663204 1.6632 
5.1 0.664867 0.664867 1.66487 
5.11 0.666532 0.666532 1.66653 
5.12 0.668198 0.668198 1.6682 
5.13 0.669866 0.669866 1.66987 
5.14 0.671536 0.671536 1.67154 
5.15 0.673208 0.673208 1.67321 
5.16 0.674881 0.674881 1.67488 
5.17 0.676556 0.676556 1.67656 
5.18 0.678233 0.678233 1.67823 
5.19 0.679911 0.679911 1.67991 
5.2 0.681591 0.681591 1.68159 
5.21 0.683272 0.683272 1.68327 
5.22 0.684956 0.684956 1.68496 
5.23 0.68664 0.68664 1.68664 
5.24 0.688327 0.688327 1.68833 
5.25 0.690015 0.690015 1.69002 
5.26 0.691705 0.691705 1.69171 
5.27 0.693397 0.693397 1.6934 
5.28 0.695091 0.695091 1.69509 
5.29 0.696786 0.696786 1.69679 
5.3 0.698482 0.698482 1.69848 
5.31 0.700181 0.700181 1.70018 
5.32 0.701881 0.701881 1.70188 
5.33 0.703583 0.703583 1.70358 
5.34 0.705287 0.705287 1.70529 
5.35 0.706992 0.706992 1.70699 
5.36 0.708699 0.708699 1.7087 
5.37 0.710408 0.710408 1.71041 
5.38 0.712118 0.712118 1.71212 
5.39 0.71383 0.71383 1.71383 
5.4 0.715544 0.715544 1.71554 
5.41 0.717259 0.717259 1.71726 
5.42 0.718977 0.718977 1.71898 
5.43 0.720696 0.720696 1.7207 
5.44 0.722416 0.722416 1.72242 
5.45 0.724139 0.724139 1.72414 
5.46 0.725863 0.725863 1.72586 
5.47 0.727589 0.727589 1.72759 
5.48 0.729316 0.729316 1.72932 
5.49 0.731046 0.731046 1.73105 
5.5 0.732777 0.732777 1.73278 
5.51 0.73451 0.73451 1.73451 
5.52 0.736244 0.736244 1.73624 
5.53 0.73798 0.73798 1.73798 
5.54 0.739718 0.739718 1.73972 
5.55 0.741458 0.741458 1.74146 
5.56 0.743199 0.743199 1.7432 
5.57 0.744943 0.744943 1.74494 
5.58 0.746688 0.746688 1.74669 
5.59 0.748434 0.748434 1.74843 
5.6 0.750183 0.750183 1.75018 
5.61 0.751933 0.751933 1.75193 
5.62 0.753685 0.753685 1.75368 
5.63 0.755439 0.755439 1.75544 
5.64 0.757194 0.757194 1.75719 
5.65 0.758951 0.758951 1.75895 
5.66 0.76071 0.76071 1.76071 
5.67 0.762471 0.762471 1.76247 
5.68 0.764233 0.764233 1.76423 
5.69 0.765998 0.765998 1.766 
5.7 0.767764 0.767764 1.76776 
5.71 0.769531 0.769531 1.76953 
5.72 0.771301 0.771301 1.7713 
5.73 0.773072 0.773072 1.77307 
5.74 0.774845 0.774845 1.77485 
5.75 0.77662 0.77662 1.77662 
5.76 0.778397 0.778397 1.7784 
5.77 0.780175 0.780175 1.78018 
5.78 0.781955 0.781955 1.78196 
5.79 0.783737 0.783737 1.78374 
5.8 0.785521 0.785521 1.78552 
5.81 0.787306 0.787306 1.78731 
5.82 0.789094 0.789094 1.78909 
5.83 0.790883 0.790883 1.79088 
5.84 0.792674 0.792674 1.79267 
5.85 0.794466 0.794466 1.79447 
5.86 0.796261 0.796261 1.79626 
5.87 0.798057 0.798057 1.79806 
5.88 0.799855 0.799855 1.79986 
5.89 0.801655 0.801655 1.80166 
5.9 0.803457 0.803457 1.80346 
5.91 0.80526 0.80526 1.80526 
5.92 0.807065 0.807065 1.80707 
5.93 0.808872 0.808872 1.80887 
5.94 0.810681 0.810681 1.81068 
5.95 0.812492 0.812492 1.81249 
5.96 0.814304 0.814304 1.8143 
5.97 0.816119 0.816119 1.81612 
5.98 0.817935 0.817935 1.81793 
5.99 0.819753 0.819753 1.81975 
6 0.821573 0.821573 1.82157 
6.01 0.823394 0.823394 1.82339 
6.02 0.825218 0.825218 1.82522 
6.03 0.827043 0.827043 1.82704 
6.04 0.82887 0.82887 1.82887 
6.05 0.830699 0.830699 1.8307 
6.06 0.832529 0.832529 1.83253 
6.07 0.834362 0.834362 1.83436 
6.08 0.836196 0.836196 1.8362 
6.09 0.838032 0.838032 1.83803 
6.1 0.839871 0.839871 1.83987 
6.11 0.84171 0.84171 1.84171 
6.12 0.843552 0.843552 1.84355 
6.13 0.845396 0.845396 1.8454 
6.14 0.847241 0.847241 1.84724 
6.15 0.849088 0.849088 1.84909 
6.16 0.850937 0.850937 1.85094 
6.17 0.852788 0.852788 1.85279 
6.18 0.854641 0.854641 1.85464 
6.19 0.856496 0.856496 1.8565 
6.2 0.858352 0.858352 1.85835 
6.21 0.860211 0.860211 1.86021 
6.22 0.862071 0.862071 1.86207 
6.23 0.863933 0.863933 1.86393 
6.24 0.865797 0.865797 1.8658 
6.25 0.867663 0.867663 1.86766 
6.26 0.86953 0.86953 1.86953 
6.27 0.8714 0.8714 1.8714 
6.28 0.873271 0.873271 1.87327 
6.29 0.875144 0.875144 1.87514 
6.3 0.87702 0.87702 1.87702 
6.31 0.878897 0.878897 1.8789 
6.32 0.880776 0.880776 1.88078 
6.33 0.882656 0.882656 1.88266 
6.34 0.884539 0.884539 1.88454 
6.35 0.886424 0.886424 1.88642 
6.36 0.88831 0.88831 1.88831 
6.37 0.890198 0.890198 1.8902 
6.38 0.892088 0.892088 1.89209 
6.39 0.893981 0.893981 1.89398 
6.4 0.895875 0.895875 1.89587 
6.41 0.89777 0.89777 1.89777 
6.42 0.899668 0.899668 1.89967 
6.43 0.901568 0.901568 1.90157 
6.44 0.903469 0.903469 1.90347 
6.45 0.905373 0.905373 1.90537 
6.46 0.907278 0.907278 1.90728 
6.47 0.909186 0.909186 1.90919 
6.48 0.911095 0.911095 1.91109 
6.49 0.913006 0.913006 1.91301 
6.5 0.914919 0.914919 1.91492 
6.51 0.916834 0.916834 1.91683 
6.52 0.918751 0.918751 1.91875 
6.53 0.920669 0.920669 1.92067 
6.54 0.92259 0.92259 1.92259 
6.55 0.924513 0.924513 1.92451 
6.56 0.926437 0.926437 1.92644 
6.57 0.928364 0.928364 1.92836 
6.58 0.930292 0.930292 1.93029 
6.59 0.932222 0.932222 1.93222 
6.6 0.934154 0.934154 1.93415 
6.61 0.936089 0.936089 1.93609 
6.62 0.938025 0.938025 1.93802 
6.63 0.939963 0.939963 1.93996 
6.64 0.941903 0.941903 1.9419 
6.65 0.943845 0.943845 1.94384 
6.66 0.945788 0.945788 1.94579 
6.67 0.947734 0.947734 1.94773 
6.68 0.949682 0.949682 1.94968 
6.69 0.951632 0.951632 1.95163 
6.7 0.953583 0.953583 1.95358 
6.71 0.955537 0.955537 1.95554 
6.72 0.957492 0.957492 1.95749 
6.73 0.95945 0.95945 1.95945 
6.74 0.961409 0.961409 1.96141 
6.75 0.963371 0.963371 1.96337 
6.76 0.965334 0.965334 1.96533 
6.77 0.967299 0.967299 1.9673 
6.78 0.969267 0.969267 1.96927 
6.79 0.971236 0.971236 1.97124 
6.8 0.973207 0.973207 1.97321 
6.81 0.97518 0.97518 1.97518 
6.82 0.977156 0.977156 1.97716 
6.83 0.979133 0.979133 1.97913 
6.84 0.981112 0.981112 1.98111 
6.85 0.983093 0.983093 1.98309 
6.86 0.985076 0.985076 1.98508 
6.87 0.987061 0.987061 1.98706 
6.88 0.989048 0.989048 1.98905 
6.89 0.991037 0.991037 1.99104 
6.9 0.993028 0.993028 1.99303 
6.91 0.995021 0.995021 1.99502 
6.92 0.997016 0.997016 1.99702 
6.93 0.999013 0.999013 1.99901 
6.94 1.00101 1.00101 2.00101 
6.95 1.00301 1.00301 2.00301 
6.96 1.00502 1.00502 2.00502 
6.97 1.00702 1.00702 2.00702 
6.98 1.00903 1.00903 2.00903 
6.99 1.01104 1.01104 2.01104 
7 1.01305 1.01305 2.01305 
7.01 1.01506 1.01506 2.01506 
7.02 1.01708 1.01708 2.01708 
7.03 1.01909 1.01909 2.01909 
7.04 1.02111 1.02111 2.02111 
7.05 1.02313 1.02313 2.02313 
7.06 1.02516 1.02516 2.02516 
7.07 1.02718 1.02718 2.02718 
7.08 1.02921 1.02921 2.02921 
7.09 1.03124 1.03124 2.03124 
7.1 1.03327 1.03327 2.03327 
7.11 1.0353 1.0353 2.0353 
7.12 1.03734 1.03734 2.03734 
7.13 1.03938 1.03938 2.03938 
7.14 1.04142 1.04142 2.04142 
7.15 1.04346 1.04346 2.04346 
7.16 1.0455 1.0455 2.0455 
7.17 1.04755 1.04755 2.04755 
7.18 1.04959 1.04959 2.04959 
7.19 1.05164 1.05164 2.05164 
7.2 1.05369 1.05369 2.05369 
7.21 1.05575 1.05575 2.05575 
7.22 1.0578 1.0578 2.0578 
7.23 1.05986 1.05986 2.05986 
7.24 1.06192 1.06192 2.06192 
7.25 1.06398 1.06398 2.06398 
7.26 1.06605 1.06605 2.06605 
7.27 1.06811 1.06811 2.06811 
7.28 1.07018 1.07018 2.07018 
7.29 1.07225 1.07225 2.07225 
7.3 1.07432 1.07432 2.07432 
7.31 1.0764 1.0764 2.0764 
7.32 1.07847 1.07847 2.07847 
7.33 1.08055 1.08055 2.08055 
7.34 1.08263 1.08263 2.08263 
7.35 1.08472 1.08472 2.08472 
7.36 1.0868 1.0868 2.0868 
7.37 1.08889 1.08889 2.08889 
7.38 1.09098 1.09098 2.09098 
7.39 1.09307 1.09307 2.09307 
7.4 1.09516 1.09516 2.09516 
7.41 1.09726 1.09726 2.09726 
7.42 1.09935 1.09935 2.09935 
7.43 1.10145 1.10145 2.10145 
7.44 1.10355 1.10355 2.10355 
7.45 1.10566 1.10566 2.10566 
7.46 1.10776 1.10776 2.10776 
7.47 1.10987 1.10987 2.10987 
7.48 1.11198 1.11198 2.11198 
7.49 1.11409 1.11409 2.11409 
7.5 1.11621 1.11621 2.11621 
7.51 1.11832 1.11832 2.11832 
7.52 1.12044 1.12044 2.12044 
7.53 1.12256 1.12256 2.12256 
7.54 1.12468 1.12468 2.12468 
7.55 1.12681 1.12681 2.12681 
7.56 1.12894 1.12894 2.12894 
7.57 1.13106 1.13106 2.13106 
7.58 1.1332 1.1332 2.1332 
7.59 1.13533 1.13533 2.13533 
7.6 1.13746 1.13746 2.13746 
7.61 1.1396 1.1396 2.1396 
7.62 1.14174 1.14174 2.14174 
7.63 1.14388 1.14388 2.14388 
7.64 1.14603 1.14603 2.14603 
7.65 1.14817 1.14817 2.14817 
7.66 1.15032 1.15032 2.15032 
7.67 1.15247 1.15247 2.15247 
7.68 1.15462 1.15462 2.15462 
7.69 1.15678 1.15678 2.15678 
7.7 1.15894 1.15894 2.15894 
7.71 1.16109 1.16109 2.16109 
7.72 1.16326 1.16326 2.16326 
7.73 1.16542 1.16542 2.16542 
7.74 1.16758 1.16758 2.16758 
7.75 1.16975 1.16975 2.16975 
7.76 1.17192 1.17192 2.17192 
7.77 1.17409 1.17409 2.17409 
7.78 1.17627 1.17627 2.17627 
7.79 1.17844 1.17844 2.17844 
7.8 1.18062 1.18062 2.18062 
7.81 1.1828 1.1828 2.1828 
7.82 1.18499 1.18499 2.18499 
7.83 1.18717 1.18717 2.18717 
7.84 1.18936 1.18936 2.18936 
7.85 1.19155 1.19155 2.19155 
7.86 1.19374 1.19374 2.19374 
7.87 1.19593 1.19593 2.19593 
7.88 1.19813 1.19813 2.19813 
7.89 1.20033 1.20033 2.20033 
7.9 1.20253 1.20253 2.20253 
7.91 1.20473 1.20473 2.20473 
7.92 1.20693 1.20693 2.20693 
7.93 1.20914 1.20914 2.20914 
7.94 1.21135 1.21135 2.21135 
7.95 1.21356 1.21356 2.21356 
7.96 1.21578 1.21578 2.21578 
7.97 1.21799 1.21799 2.21799 
7.98 1.22021 1.22021 2.22021 
7.99 1.22243 1.22243 2.22243 
8 1.22465 1.22465 2.22465 
8.01 1.22688 1.22688 2.22688 
8.02 1.2291 1.2291 2.2291 
8.03 1.23133 1.23133 2.23133 
8.04 1.23356 1.23356 2.23356 
8.05 1.2358 1.2358 2.2358 
8.06 1.23803 1.23803 2.23803 
8.07 1.24027 1.24027 2.24027 
8.08 1.24251 1.24251 2.24251 
8.09 1.24475 1.24475 2.24475 
8.1 1.247 1.247 2.247 
8.11 1.24925 1.24925 2.24925 
8.12 1.25149 1.25149 2.25149 
8.13 1.25375 1.25375 2.25375 
8.14 1.256 1.256 2.256 
8.15 1.25826 1.25826 2.25826 
8.16 1.26051 1.26051 2.26051 
8.17 1.26277 1.26277 2.26277 
8.18 1.26504 1.26504 2.26504 
8.19 1.2673 1.2673 2.2673 
8.2 1.26957 1.26957 2.26957 
8.21 1.27184 1.27184 2.27184 
8.22 1.27411 1.27411 2.27411 
8.23 1.27639 1.27639 2.27639 
8.24 1.27866 1.27866 2.27866 
8.25 1.28094 1.28094 2.28094 
8.26 1.28322 1.28322 2.28322 
8.27 1.2855 1.2855 2.2855 
8.28 1.28779 1.28779 2.28779 
8.29 1.29008 1.29008 2.29008 
8.3 1.29237 1.29237 2.29237 
8.31 1.29466 1.29466 2.29466 
8.32 1.29695 1.29695 2.29695 
8.33 1.29925 1.29925 2.29925 
8.34 1.30155 1.30155 2.30155 
8.35 1.30385 1.30385 2.30385 
8.36 1.30616 1.30616 2.30616 
8.37 1.30846 1.30846 2.30846 
8.38 1.31077 1.31077 2.31077 
8.39 1.31308 1.31308 2.31308 
8.4 1.31539 1.31539 2.31539 
8.41 1.31771 1.31771 2.31771 
8.42 1.32003 1.32003 2.32003 
8.43 1.32235 1.32235 2.32235 
8.44 1.32467 1.32467 2.32467 
8.45 1.327 1.327 2.327 
8.46 1.32932 1.32932 2.32932 
8.47 1.33165 1.33165 2.33165 
8.48 1.33398 1.33398 2.33398 
8.49 1.33632 1.33632 2.33632 
8.5 1.33865 1.33865 2.33865 
8.51 1.34099 1.34099 2.34099 
8.52 1.34333 1.34333 2.34333 
8.53 1.34568 1.34568 2.34568 
8.54 1.34802 1.34802 2.34802 
8.55 1.35037 1.35037 2.35037 
8.56 1.35272 1.35272 2.35272 
8.57 1.35507 1.35507 2.35507 
8.58 1.35743 1.35743 2.35743 
8.59 1.35979 1.35979 2.35979 
8.6 1.36215 1.36215 2.36215 
8.61 1.36451 1.36451 2.36451 
8.62 1.36687 1.36687 2.36687 
8.63 1.36924 1.36924 2.36924 
8.64 1.37161 1.37161 2.37161 
8.65 1.37398 1.37398 2.37398 
8.66 1.37635 1.37635 2.37635 
8.67 1.37873 1.37873 2.37873 
8.68 1.38111 1.38111 2.38111 
8.69 1.38349 1.38349 2.38349 
8.7 1.38587 1.38587 2.38587 
8.71 1.38826 1.38826 2.38826 
8.72 1.39065 1.39065 2.39065 
8.73 1.39304 1.39304 2.39304 
8.74 1.39543 1.39543 2.39543 
8.75 1.39783 1.39783 2.39783 
8.76 1.40022 1.40022 2.40022 
8.77 1.40262 1.40262 2.40262 
8.78 1.40503 1.40503 2.40503 
8.79 1.40743 1.40743 2.40743 
8.8 1.40984 1.40984 2.40984 
8.81 1.41225 1.41225 2.41225 
8.82 1.41466 1.41466 2.41466 
8.83 1.41708 1.41708 2.41708 
8.84 1.41949 1.41949 2.41949 
8.85 1.42191 1.42191 2.42191 
8.86 1.42434 1.42434 2.42434 
8.87 1.42676 1.42676 2.42676 
8.88 1.42919 1.42919 2.42919 
8.89 1.43162 1.43162 2.43162 
8.9 1.43405 1.43405 2.43405 
8.91 1.43648 1.43648 2.43648 
8.92 1.43892 1.43892 2.43892 
8.93 1.44136 1.44136 2.44136 
8.94 1.4438 1.4438 2.4438 
8.95 1.44624 1.44624 2.44624 
8.96 1.44869 1.44869 2.44869 
8.97 1.45114 1.45114 2.45114 
8.98 1.45359 1.45359 2.45359 
8.99 1.45604 1.45604 2.45604 
9 1.4585 1.4585 2.4585 
9.01 1.46096 1.46096 2.46096 
9.02 1.46342 1.46342 2.46342 
9.03 1.46588 1.46588 2.46588 
9.04 1.46835 1.46835 2.46835 
9.05 1.47081 1.47081 2.47081 
9.06 1.47329 1.47329 2.47329 
9.07 1.47576 1.47576 2.47576 
9.08 1.47823 1.47823 2.47823 
9.09 1.48071 1.48071 2.48071 
9.1 1.48319 1.48319 2.48319 
9.11 1.48568 1.48568 2.48568 
9.12 1.48816 1.48816 2.48816 
9.13 1.49065 1.49065 2.49065 
9.14 1.49314 1.49314 2.49314 
9.15 1.49563 1.49563 2.49563 
9.16 1.49813 1.49813 2.49813 
9.17 1.50063 1.50063 2.50063 
9.18 1.50313 1.50313 2.50313 
9.19 1.50563 1.50563 2.50563 
9.2 1.50814 1.50814 2.50814 
9.21 1.51065 1.51065 2.51065 
9.22 1.51316 1.51316 2.51316 
9.23 1.51567 1.51567 2.51567 
9.24 1.51818 1.51818 2.51818 
9.25 1.5207 1.5207 2.5207 
9.26 1.52322 1.52322 2.52322 
9.27 1.52575 1.52575 2.52575 
9.28 1.52827 1.52827 2.52827 
9.29 1.5308 1.5308 2.5308 
9.3 1.53333 1.53333 2.53333 
9.31 1.53587 1.53587 2.53587 
9.32 1.5384 1.5384 2.5384 
9.33 1.54094 1.54094 2.54094 
9.34 1.54348 1.54348 2.54348 
9.35 1.54602 1.54602 2.54602 
9.36 1.54857 1.54857 2.54857 
9.37 1.55112 1.55112 2.55112 
9.38 1.55367 1.55367 2.55367 
9.39 1.55622 1.55622 2.55622 
9.4 1.55878 1.55878 2.55878 
9.41 1.56134 1.56134 2.56134 
9.42 1.5639 1.5639 2.5639 
9.43 1.56646 1.56646 2.56646 
9.44 1.56903 1.56903 2.56903 
9.45 1.5716 1.5716 2.5716 
9.46 1.57417 1.57417 2.57417 
9.47 1.57674 1.57674 2.57674 
9.48 1.57932 1.57932 2.57932 
9.49 1.5819 1.5819 2.5819 
9.5 1.58448 1.58448 2.58448 
9.51 1.58707 1.58707 2.58707 
9.52 1.58965 1.58965 2.58965 
9.53 1.59224 1.59224 2.59224 
9.54 1.59484 1.59484 2.59484 
9.55 1.59743 1.59743 2.59743 
9.56 1.60003 1.60003 2.60003 
9.57 1.60263 1.60263 2.60263 
9.58 1.60523 1.60523 2.60523 
9.59 1.60784 1.60784 2.60784 
9.6 1.61044 1.61044 2.61044 
9.61 1.61305 1.61305 2.61305 
9.62 1.61567 1.61567 2.61567 
9.63 1.61828 1.61828 2.61828 
9.64 1.6209 1.6209 2.6209 
9.65 1.62352 1.62352 2.62352 
9.66 1.62615 1.62615 2.62615 
9.67 1.62877 1.62877 2.62877 
9.68 1.6314 1.6314 2.6314 
9.69 1.63403 1.63403 2.63403 
9.7 1.63667 1.63667 2.63667 
9.71 1.6393 1.6393 2.6393 
9.72 1.64194 1.64194 2.64194 
9.73 1.64458 1.64458 2.64458 
9.74 1.64723 1.64723 2.64723 
9.75 1.64988 1.64988 2.64988 
9.76 1.65253 1.65253 2.65253 
9.77 1.65518 1.65518 2.65518 
9.78 1.65783 1.65783 2.65783 
9.79 1.66049 1.66049 2.66049 
9.8 1.66315 1.66315 2.66315 
9.81 1.66581 1.66581 2.66581 
9.82 1.66848 1.66848 2.66848 
9.83 1.67115 1.67115 2.67115 
9.84 1.67382 1.67382 2.67382 
9.85 1.67649 1.67649 2.67649 
9.86 1.67917 1.67917 2.67917 
9.87 1.68185 1.68185 2.68185 
9.88 1.68453 1.68453 2.68453 
9.89 1.68722 1.68722 2.68722 
9.9 1.6899 1.6899 2.6899 
9.91 1.69259 1.69259 2.69259 
9.92 1.69529 1.69529 2.69529 
9.93 1.69798 1.69798 2.69798 
9.94 1.70068 1.70068 2.70068 
9.95 1.70338 1.70338 2.70338 
9.96 1.70608 1.70608 2.70608 
9.97 1.70879 1.70879 2.70879 
9.98 1.7115 1.7115 2.7115 
9.99 1.71421 1.71421 2.71421 
10 1.71692 1.71692 2.71692 

