0 0 0 10 0 
0.01 0.01 0.01 10 0.01 
0.02 0.01999 0.01999 9.99998 0.02001 
0.03 0.02997 0.02997 9.99994 0.0300299 
0.04 0.03994 0.03994 9.99988 0.0400598 
0.05 0.0498999 0.0498999 9.9998 0.0500995 
0.06 0.0598498 0.0598498 9.9997 0.060149 
0.07 0.0697896 0.0697896 9.99958 0.0702083 
0.08 0.0797194 0.0797194 9.99944 0.0802772 
0.09 0.0896392 0.0896392 9.99928 0.0903558 
0.1 0.0995488 0.0995488 9.9991 0.100444 
0.11 0.109448 0.109448 9.9989 0.110542 
0.12 0.119338 0.119338 9.99868 0.120649 
0.13 0.129217 0.129217 9.99843 0.130766 
0.14 0.139086 0.139086 9.99817 0.140892 
0.15 0.148945 0.148945 9.99789 0.151027 
0.16 0.158794 0.158794 9.99759 0.161172 
0.17 0.168633 0.168633 9.99727 0.171326 
0.18 0.178462 0.178462 9.99692 0.181489 
0.19 0.18828 0.18828 9.99656 0.191662 
0.2 0.198089 0.198089 9.99618 0.201843 
0.21 0.207887 0.207887 9.99577 0.212034 
0.22 0.217675 0.217675 9.99535 0.222233 
0.23 0.227452 0.227452 9.99491 0.232442 
0.24 0.23722 0.23722 9.99444 0.242659 
0.25 0.246977 0.246977 9.99396 0.252885 
0.26 0.256724 0.256724 9.99345 0.26312 
0.27 0.266461 0.266461 9.99292 0.273364 
0.28 0.276187 0.276187 9.99238 0.283616 
0.29 0.285903 0.285903 9.99181 0.293878 
0.3 0.295609 0.295609 9.99122 0.304147 
0.31 0.305305 0.305305 9.99061 0.314426 
0.32 0.31499 0.31499 9.98998 0.324712 
0.33 0.324665 0.324665 9.98933 0.335008 
0.34 0.33433 0.33433 9.98866 0.345311 
0.35 0.343984 0.343984 9.98797 0.355623 
0.36 0.353628 0.353628 9.98726 0.365944 
0.37 0.363262 0.363262 9.98653 0.376272 
0.38 0.372885 0.372885 9.98578 0.386609 
0.39 0.382498 0.382498 9.98501 0.396954 
0.4 0.3921 0.3921 9.98421 0.407307 
0.41 0.401692 0.401692 9.9834 0.417668 
0.42 0.411274 0.411274 9.98256 0.428037 
0.43 0.420845 0.420845 9.98171 0.438414 
0.44 0.430406 0.430406 9.98083 0.448799 
0.45 0.439957 0.439957 9.97993 0.459192 
0.46 0.449497 0.449497 9.97901 0.469593 
0.47 0.459026 0.459026 9.97807 0.480001 
0.48 0.468545 0.468545 9.97711 0.490417 
0.49 0.478054 0.478054 9.97613 0.500841 
0.5 0.487552 0.487552 9.97513 0.511272 
0.51 0.49704 0.49704 9.97411 0.521711 
0.52 0.506517 0.506517 9.97307 0.532158 
0.53 0.515983 0.515983 9.972 0.542612 
0.54 0.525439 0.525439 9.97092 0.553073 
0.55 0.534885 0.534885 9.96981 0.563542 
0.56 0.54432 0.54432 9.96868 0.574018 
0.57 0.553744 0.553744 9.96753 0.584501 
0.58 0.563158 0.563158 9.96637 0.594992 
0.59 0.572561 0.572561 9.96518 0.605489 
0.6 0.581954 0.581954 9.96396 0.615994 
0.61 0.591336 0.591336 9.96273 0.626506 
0.62 0.600707 0.600707 9.96148 0.637025 
0.63 0.610068 0.610068 9.96021 0.647551 
0.64 0.619418 0.619418 9.95891 0.658084 
0.65 0.628757 0.628757 9.95759 0.668623 
0.66 0.638086 0.638086 9.95626 0.67917 
0.67 0.647404 0.647404 9.9549 0.689723 
0.68 0.656712 0.656712 9.95352 0.700283 
0.69 0.666009 0.666009 9.95212 0.71085 
0.7 0.675295 0.675295 9.9507 0.721423 
0.71 0.68457 0.68457 9.94925 0.732003 
0.72 0.693835 0.693835 9.94779 0.742589 
0.73 0.703089 0.703089 9.9463 0.753182 
0.74 0.712332 0.712332 9.9448 0.763781 
0.75 0.721564 0.721564 9.94327 0.774387 
0.76 0.730786 0.730786 9.94172 0.784999 
0.77 0.739997 0.739997 9.94015 0.795617 
0.78 0.749197 0.749197 9.93856 0.806242 
0.79 0.758387 0.758387 9.93695 0.816873 
0.8 0.767565 0.767565 9.93531 0.82751 
0.81 0.776733 0.776733 9.93366 0.838152 
0.82 0.78589 0.78589 9.93198 0.848801 
0.83 0.795036 0.795036 9.93029 0.859456 
0.84 0.804171 0.804171 9.92857 0.870117 
0.85 0.813296 0.813296 9.92683 0.880784 
0.86 0.822409 0.822409 9.92506 0.891457 
0.87 0.831512 0.831512 9.92328 0.902135 
0.88 0.840604 0.840604 9.92148 0.912819 
0.89 0.849684 0.849684 9.91965 0.923509 
0.9 0.858754 0.858754 9.9178 0.934205 
0.91 0.867813 0.867813 9.91594 0.944906 
0.92 0.876862 0.876862 9.91405 0.955612 
0.93 0.885899 0.885899 9.91214 0.966325 
0.94 0.894925 0.894925 9.9102 0.977042 
0.95 0.90394 0.90394 9.90825 0.987765 
0.96 0.912945 0.912945 9.90627 0.998494 
0.97 0.921938 0.921938 9.90428 1.00923 
0.98 0.93092 0.93092 9.90226 1.01997 
0.99 0.939892 0.939892 9.90022 1.03071 
1 0.948852 0.948852 9.89816 1.04146 

