0 0 0 10 
0.01 0.01 0.01 9.92 
0.02 0.01981 0.01981 9.84064 
0.03 0.0294327 0.0294327 9.76191 
0.04 0.0388709 0.0388709 9.68382 
0.05 0.0481271 0.0481271 9.60635 
0.06 0.0572041 0.0572041 9.5295 
0.07 0.0661043 0.0661043 9.45326 
0.08 0.0748304 0.0748304 9.37764 
0.09 0.0833849 0.0833849 9.30262 
0.1 0.0917703 0.0917703 9.22819 
0.11 0.099989 0.099989 9.15437 
0.12 0.108044 0.108044 9.08113 
0.13 0.115936 0.115936 9.00848 
0.14 0.123669 0.123669 8.93642 
0.15 0.131245 0.131245 8.86493 
0.16 0.138667 0.138667 8.79401 
0.17 0.145935 0.145935 8.72365 
0.18 0.153054 0.153054 8.65386 
0.19 0.160024 0.160024 8.58463 
0.2 0.166848 0.166848 8.51596 
0.21 0.173529 0.173529 8.44783 
0.22 0.180068 0.180068 8.38025 
0.23 0.186467 0.186467 8.3132 
0.24 0.19273 0.19273 8.2467 
0.25 0.198856 0.198856 8.18073 
0.26 0.20485 0.20485 8.11528 
0.27 0.210711 0.210711 8.05036 
0.28 0.216444 0.216444 7.98595 
0.29 0.222049 0.222049 7.92207 
0.3 0.227529 0.227529 7.85869 
0.31 0.232884 0.232884 7.79582 
0.32 0.238119 0.238119 7.73345 
0.33 0.243233 0.243233 7.67159 
0.34 0.248229 0.248229 7.61021 
0.35 0.253108 0.253108 7.54933 
0.36 0.257874 0.257874 7.48894 
0.37 0.262526 0.262526 7.42903 
0.38 0.267067 0.267067 7.36959 
0.39 0.271499 0.271499 7.31064 
0.4 0.275823 0.275823 7.25215 
0.41 0.280041 0.280041 7.19413 
0.42 0.284155 0.284155 7.13658 
0.43 0.288166 0.288166 7.07949 
0.44 0.292075 0.292075 7.02285 
0.45 0.295885 0.295885 6.96667 
0.46 0.299597 0.299597 6.91094 
0.47 0.303213 0.303213 6.85565 
0.48 0.306733 0.306733 6.8008 
0.49 0.31016 0.31016 6.7464 
0.5 0.313494 0.313494 6.69243 
0.51 0.316738 0.316738 6.63889 
0.52 0.319893 0.319893 6.58578 
0.53 0.32296 0.32296 6.53309 
0.54 0.325941 0.325941 6.48083 
0.55 0.328836 0.328836 6.42898 
0.56 0.331648 0.331648 6.37755 
0.57 0.334377 0.334377 6.32653 
0.58 0.337026 0.337026 6.27591 
0.59 0.339594 0.339594 6.22571 
0.6 0.342085 0.342085 6.1759 
0.61 0.344498 0.344498 6.12649 
0.62 0.346835 0.346835 6.07748 
0.63 0.349097 0.349097 6.02886 
0.64 0.351286 0.351286 5.98063 
0.65 0.353402 0.353402 5.93279 
0.66 0.355447 0.355447 5.88532 
0.67 0.357423 0.357423 5.83824 
0.68 0.359329 0.359329 5.79154 
0.69 0.361168 0.361168 5.7452 
0.7 0.362941 0.362941 5.69924 
0.71 0.364648 0.364648 5.65365 
0.72 0.36629 0.36629 5.60842 
0.73 0.367869 0.367869 5.56355 
0.74 0.369386 0.369386 5.51904 
0.75 0.370842 0.370842 5.47489 
0.76 0.372238 0.372238 5.43109 
0.77 0.373574 0.373574 5.38764 
0.78 0.374853 0.374853 5.34454 
0.79 0.376074 0.376074 5.30178 
0.8 0.377239 0.377239 5.25937 
0.81 0.378348 0.378348 5.2173 
0.82 0.379404 0.379404 5.17556 
0.83 0.380406 0.380406 5.13415 
0.84 0.381356 0.381356 5.09308 
0.85 0.382254 0.382254 5.05233 
0.86 0.383101 0.383101 5.01192 
0.87 0.383899 0.383899 4.97182 
0.88 0.384648 0.384648 4.93205 
0.89 0.385349 0.385349 4.89259 
0.9 0.386003 0.386003 4.85345 
0.91 0.38661 0.38661 4.81462 
0.92 0.387172 0.387172 4.7761 
0.93 0.387689 0.387689 4.7379 
0.94 0.388163 0.388163 4.69999 
0.95 0.388593 0.388593 4.66239 
0.96 0.388981 0.388981 4.62509 
0.97 0.389327 0.389327 4.58809 
0.98 0.389633 0.389633 4.55139 
0.99 0.389898 0.389898 4.51498 
1 0.390124 0.390124 4.47886 
1.01 0.390312 0.390312 4.44303 
1.02 0.390461 0.390461 4.40748 
1.03 0.390574 0.390574 4.37222 
1.04 0.39065 0.39065 4.33724 
1.05 0.39069 0.39069 4.30255 
1.06 0.390695 0.390695 4.26813 
1.07 0.390665 0.390665 4.23398 
1.08 0.390602 0.390602 4.20011 
1.09 0.390505 0.390505 4.16651 
1.1 0.390376 0.390376 4.13318 
1.11 0.390215 0.390215 4.10011 
1.12 0.390023 0.390023 4.06731 
1.13 0.3898 0.3898 4.03477 
1.14 0.389547 0.389547 4.00249 
1.15 0.389264 0.389264 3.97047 
1.16 0.388953 0.388953 3.93871 
1.17 0.388613 0.388613 3.9072 
1.18 0.388246 0.388246 3.87594 
1.19 0.387851 0.387851 3.84493 
1.2 0.38743 0.38743 3.81418 
1.21 0.386982 0.386982 3.78366 
1.22 0.386509 0.386509 3.75339 
1.23 0.386011 0.386011 3.72337 
1.24 0.385488 0.385488 3.69358 
1.25 0.384941 0.384941 3.66403 
1.26 0.384371 0.384371 3.63472 
1.27 0.383777 0.383777 3.60564 
1.28 0.383161 0.383161 3.57679 
1.29 0.382523 0.382523 3.54818 
1.3 0.381864 0.381864 3.5198 
1.31 0.381183 0.381183 3.49164 
1.32 0.380482 0.380482 3.4637 
1.33 0.37976 0.37976 3.43599 
1.34 0.379019 0.379019 3.40851 
1.35 0.378258 0.378258 3.38124 
1.36 0.377479 0.377479 3.35419 
1.37 0.37668 0.37668 3.32735 
1.38 0.375864 0.375864 3.30074 
1.39 0.375031 0.375031 3.27433 
1.4 0.37418 0.37418 3.24814 
1.41 0.373312 0.373312 3.22215 
1.42 0.372427 0.372427 3.19637 
1.43 0.371527 0.371527 3.1708 
1.44 0.370611 0.370611 3.14544 
1.45 0.36968 0.36968 3.12027 
1.46 0.368734 0.368734 3.09531 
1.47 0.367773 0.367773 3.07055 
1.48 0.366798 0.366798 3.04598 
1.49 0.365809 0.365809 3.02162 
1.5 0.364807 0.364807 2.99744 
1.51 0.363791 0.363791 2.97346 
1.52 0.362763 0.362763 2.94968 
1.53 0.361722 0.361722 2.92608 
1.54 0.36067 0.36067 2.90267 
1.55 0.359605 0.359605 2.87945 
1.56 0.358529 0.358529 2.85641 
1.57 0.357441 0.357441 2.83356 
1.58 0.356343 0.356343 2.81089 
1.59 0.355234 0.355234 2.78841 
1.6 0.354115 0.354115 2.7661 
1.61 0.352986 0.352986 2.74397 
1.62 0.351847 0.351847 2.72202 
1.63 0.350699 0.350699 2.70024 
1.64 0.349541 0.349541 2.67864 
1.65 0.348375 0.348375 2.65721 
1.66 0.3472 0.3472 2.63595 
1.67 0.346017 0.346017 2.61486 
1.68 0.344825 0.344825 2.59395 
1.69 0.343626 0.343626 2.57319 
1.7 0.34242 0.34242 2.55261 
1.71 0.341206 0.341206 2.53219 
1.72 0.339984 0.339984 2.51193 
1.73 0.338757 0.338757 2.49184 
1.74 0.337522 0.337522 2.4719 
1.75 0.336281 0.336281 2.45213 
1.76 0.335034 0.335034 2.43251 
1.77 0.333781 0.333781 2.41305 
1.78 0.332523 0.332523 2.39374 
1.79 0.331259 0.331259 2.37459 
1.8 0.32999 0.32999 2.3556 
1.81 0.328715 0.328715 2.33675 
1.82 0.327436 0.327436 2.31806 
1.83 0.326152 0.326152 2.29951 
1.84 0.324864 0.324864 2.28112 
1.85 0.323572 0.323572 2.26287 
1.86 0.322275 0.322275 2.24477 
1.87 0.320975 0.320975 2.22681 
1.88 0.319671 0.319671 2.20899 
1.89 0.318364 0.318364 2.19132 
1.9 0.317053 0.317053 2.17379 
1.91 0.315739 0.315739 2.1564 
1.92 0.314423 0.314423 2.13915 
1.93 0.313103 0.313103 2.12204 
1.94 0.311781 0.311781 2.10506 
1.95 0.310457 0.310457 2.08822 
1.96 0.30913 0.30913 2.07151 
1.97 0.307801 0.307801 2.05494 
1.98 0.30647 0.30647 2.0385 
1.99 0.305137 0.305137 2.02219 
2 0.303803 0.303803 2.00602 
2.01 0.302467 0.302467 1.98997 
2.02 0.30113 0.30113 1.97405 
2.03 0.299792 0.299792 1.95826 
2.04 0.298452 0.298452 1.94259 
2.05 0.297112 0.297112 1.92705 
2.06 0.295771 0.295771 1.91163 
2.07 0.294429 0.294429 1.89634 
2.08 0.293086 0.293086 1.88117 
2.09 0.291744 0.291744 1.86612 
2.1 0.290401 0.290401 1.85119 
2.11 0.289057 0.289057 1.83638 
2.12 0.287714 0.287714 1.82169 
2.13 0.286371 0.286371 1.80712 
2.14 0.285028 0.285028 1.79266 
2.15 0.283685 0.283685 1.77832 
2.16 0.282343 0.282343 1.76409 
2.17 0.281001 0.281001 1.74998 
2.18 0.27966 0.27966 1.73598 
2.19 0.27832 0.27832 1.72209 
2.2 0.276981 0.276981 1.70831 
2.21 0.275642 0.275642 1.69465 
2.22 0.274305 0.274305 1.68109 
2.23 0.272968 0.272968 1.66764 
2.24 0.271633 0.271633 1.6543 
2.25 0.2703 0.2703 1.64107 
2.26 0.268968 0.268968 1.62794 
2.27 0.267637 0.267637 1.61491 
2.28 0.266308 0.266308 1.602 
2.29 0.26498 0.26498 1.58918 
2.3 0.263655 0.263655 1.57647 
2.31 0.262331 0.262331 1.56385 
2.32 0.261009 0.261009 1.55134 
2.33 0.25969 0.25969 1.53893 
2.34 0.258372 0.258372 1.52662 
2.35 0.257056 0.257056 1.51441 
2.36 0.255743 0.255743 1.50229 
2.37 0.254432 0.254432 1.49027 
2.38 0.253124 0.253124 1.47835 
2.39 0.251818 0.251818 1.46653 
2.4 0.250514 0.250514 1.45479 
2.41 0.249213 0.249213 1.44316 
2.42 0.247915 0.247915 1.43161 
2.43 0.24662 0.24662 1.42016 
2.44 0.245327 0.245327 1.4088 
2.45 0.244037 0.244037 1.39753 
2.46 0.24275 0.24275 1.38635 
2.47 0.241467 0.241467 1.37525 
2.48 0.240186 0.240186 1.36425 
2.49 0.238908 0.238908 1.35334 
2.5 0.237633 0.237633 1.34251 
2.51 0.236362 0.236362 1.33177 
2.52 0.235094 0.235094 1.32112 
2.53 0.233829 0.233829 1.31055 
2.54 0.232567 0.232567 1.30006 
2.55 0.231309 0.231309 1.28966 
2.56 0.230054 0.230054 1.27935 
2.57 0.228803 0.228803 1.26911 
2.58 0.227555 0.227555 1.25896 
2.59 0.226311 0.226311 1.24889 
2.6 0.225071 0.225071 1.2389 
2.61 0.223834 0.223834 1.22898 
2.62 0.2226 0.2226 1.21915 
2.63 0.221371 0.221371 1.2094 
2.64 0.220145 0.220145 1.19972 
2.65 0.218923 0.218923 1.19013 
2.66 0.217705 0.217705 1.18061 
2.67 0.216491 0.216491 1.17116 
2.68 0.215281 0.215281 1.16179 
2.69 0.214075 0.214075 1.1525 
2.7 0.212872 0.212872 1.14328 
2.71 0.211674 0.211674 1.13413 
2.72 0.21048 0.21048 1.12506 
2.73 0.20929 0.20929 1.11606 
2.74 0.208103 0.208103 1.10713 
2.75 0.206921 0.206921 1.09827 
2.76 0.205744 0.205744 1.08949 
2.77 0.20457 0.20457 1.08077 
2.78 0.2034 0.2034 1.07212 
2.79 0.202235 0.202235 1.06355 
2.8 0.201074 0.201074 1.05504 
2.81 0.199917 0.199917 1.0466 
2.82 0.198765 0.198765 1.03823 
2.83 0.197617 0.197617 1.02992 
2.84 0.196473 0.196473 1.02168 
2.85 0.195333 0.195333 1.01351 
2.86 0.194198 0.194198 1.0054 
2.87 0.193067 0.193067 0.997355 
2.88 0.191941 0.191941 0.989376 
2.89 0.190819 0.190819 0.981461 
2.9 0.189701 0.189701 0.97361 
2.91 0.188588 0.188588 0.965821 
2.92 0.18748 0.18748 0.958094 
2.93 0.186375 0.186375 0.95043 
2.94 0.185276 0.185276 0.942826 
2.95 0.184181 0.184181 0.935284 
2.96 0.18309 0.18309 0.927801 
2.97 0.182004 0.182004 0.920379 
2.98 0.180922 0.180922 0.913016 
2.99 0.179845 0.179845 0.905712 
3 0.178772 0.178772 0.898466 
3.01 0.177704 0.177704 0.891278 
3.02 0.176641 0.176641 0.884148 
3.03 0.175582 0.175582 0.877075 
3.04 0.174528 0.174528 0.870058 
3.05 0.173478 0.173478 0.863098 
3.06 0.172433 0.172433 0.856193 
3.07 0.171392 0.171392 0.849343 
3.08 0.170356 0.170356 0.842549 
3.09 0.169325 0.169325 0.835808 
3.1 0.168298 0.168298 0.829122 
3.11 0.167276 0.167276 0.822489 
3.12 0.166258 0.166258 0.815909 
3.13 0.165245 0.165245 0.809382 
3.14 0.164237 0.164237 0.802907 
3.15 0.163233 0.163233 0.796483 
3.16 0.162234 0.162234 0.790112 
3.17 0.16124 0.16124 0.783791 
3.18 0.16025 0.16025 0.77752 
3.19 0.159265 0.159265 0.7713 
3.2 0.158284 0.158284 0.76513 
3.21 0.157308 0.157308 0.759009 
3.22 0.156337 0.156337 0.752937 
3.23 0.15537 0.15537 0.746913 
3.24 0.154408 0.154408 0.740938 
3.25 0.15345 0.15345 0.73501 
3.26 0.152497 0.152497 0.72913 
3.27 0.151549 0.151549 0.723297 
3.28 0.150605 0.150605 0.717511 
3.29 0.149666 0.149666 0.711771 
3.3 0.148732 0.148732 0.706077 
3.31 0.147802 0.147802 0.700428 
3.32 0.146876 0.146876 0.694825 
3.33 0.145955 0.145955 0.689266 
3.34 0.145039 0.145039 0.683752 
3.35 0.144127 0.144127 0.678282 
3.36 0.14322 0.14322 0.672856 
3.37 0.142318 0.142318 0.667473 
3.38 0.14142 0.14142 0.662133 
3.39 0.140526 0.140526 0.656836 
3.4 0.139637 0.139637 0.651581 
3.41 0.138753 0.138753 0.646369 
3.42 0.137873 0.137873 0.641198 
3.43 0.136998 0.136998 0.636068 
3.44 0.136127 0.136127 0.630979 
3.45 0.13526 0.13526 0.625932 
3.46 0.134398 0.134398 0.620924 
3.47 0.133541 0.133541 0.615957 
3.48 0.132688 0.132688 0.611029 
3.49 0.131839 0.131839 0.606141 
3.5 0.130995 0.130995 0.601292 
3.51 0.130156 0.130156 0.596481 
3.52 0.12932 0.12932 0.59171 
3.53 0.12849 0.12849 0.586976 
3.54 0.127663 0.127663 0.58228 
3.55 0.126841 0.126841 0.577622 
3.56 0.126023 0.126023 0.573001 
3.57 0.12521 0.12521 0.568417 
3.58 0.124401 0.124401 0.56387 
3.59 0.123597 0.123597 0.559359 
3.6 0.122797 0.122797 0.554884 
3.61 0.122001 0.122001 0.550445 
3.62 0.121209 0.121209 0.546041 
3.63 0.120422 0.120422 0.541673 
3.64 0.119639 0.119639 0.537339 
3.65 0.11886 0.11886 0.533041 
3.66 0.118086 0.118086 0.528776 
3.67 0.117316 0.117316 0.524546 
3.68 0.11655 0.11655 0.52035 
3.69 0.115788 0.115788 0.516187 
3.7 0.115031 0.115031 0.512057 
3.71 0.114277 0.114277 0.507961 
3.72 0.113528 0.113528 0.503897 
3.73 0.112783 0.112783 0.499866 
3.74 0.112042 0.112042 0.495867 
3.75 0.111306 0.111306 0.4919 
3.76 0.110573 0.110573 0.487965 
3.77 0.109845 0.109845 0.484061 
3.78 0.109121 0.109121 0.480189 
3.79 0.108401 0.108401 0.476347 
3.8 0.107685 0.107685 0.472537 
3.81 0.106973 0.106973 0.468756 
3.82 0.106265 0.106265 0.465006 
3.83 0.105561 0.105561 0.461286 
3.84 0.104861 0.104861 0.457596 
3.85 0.104165 0.104165 0.453935 
3.86 0.103473 0.103473 0.450304 
3.87 0.102785 0.102785 0.446701 
3.88 0.102101 0.102101 0.443128 
3.89 0.101421 0.101421 0.439583 
3.9 0.100745 0.100745 0.436066 
3.91 0.100073 0.100073 0.432577 
3.92 0.0994049 0.0994049 0.429117 
3.93 0.0987406 0.0987406 0.425684 
3.94 0.0980801 0.0980801 0.422278 
3.95 0.0974235 0.0974235 0.4189 
3.96 0.0967708 0.0967708 0.415549 
3.97 0.0961218 0.0961218 0.412225 
3.98 0.0954767 0.0954767 0.408927 
3.99 0.0948354 0.0948354 0.405655 
4 0.0941979 0.0941979 0.40241 
4.01 0.0935641 0.0935641 0.399191 
4.02 0.0929341 0.0929341 0.395997 
4.03 0.0923078 0.0923078 0.392829 
4.04 0.0916852 0.0916852 0.389687 
4.05 0.0910664 0.0910664 0.386569 
4.06 0.0904512 0.0904512 0.383477 
4.07 0.0898397 0.0898397 0.380409 
4.08 0.0892319 0.0892319 0.377366 
4.09 0.0886277 0.0886277 0.374347 
4.1 0.0880272 0.0880272 0.371352 
4.11 0.0874302 0.0874302 0.368381 
4.12 0.0868369 0.0868369 0.365434 
4.13 0.0862471 0.0862471 0.362511 
4.14 0.0856609 0.0856609 0.35961 
4.15 0.0850782 0.0850782 0.356734 
4.16 0.0844991 0.0844991 0.35388 
4.17 0.0839235 0.0839235 0.351049 
4.18 0.0833514 0.0833514 0.34824 
4.19 0.0827828 0.0827828 0.345454 
4.2 0.0822176 0.0822176 0.342691 
4.21 0.0816559 0.0816559 0.339949 
4.22 0.0810976 0.0810976 0.33723 
4.23 0.0805428 0.0805428 0.334532 
4.24 0.0799914 0.0799914 0.331855 
4.25 0.0794433 0.0794433 0.329201 
4.26 0.0788986 0.0788986 0.326567 
4.27 0.0783573 0.0783573 0.323954 
4.28 0.0778193 0.0778193 0.321363 
4.29 0.0772847 0.0772847 0.318792 
4.3 0.0767533 0.0767533 0.316242 
4.31 0.0762253 0.0762253 0.313712 
4.32 0.0757005 0.0757005 0.311202 
4.33 0.075179 0.075179 0.308712 
4.34 0.0746608 0.0746608 0.306243 
4.35 0.0741458 0.0741458 0.303793 
4.36 0.0736339 0.0736339 0.301362 
4.37 0.0731253 0.0731253 0.298951 
4.38 0.0726199 0.0726199 0.29656 
4.39 0.0721176 0.0721176 0.294187 
4.4 0.0716185 0.0716185 0.291834 
4.41 0.0711226 0.0711226 0.289499 
4.42 0.0706297 0.0706297 0.287183 
4.43 0.07014 0.07014 0.284886 
4.44 0.0696533 0.0696533 0.282607 
4.45 0.0691697 0.0691697 0.280346 
4.46 0.0686892 0.0686892 0.278103 
4.47 0.0682117 0.0682117 0.275878 
4.48 0.0677373 0.0677373 0.273671 
4.49 0.0672659 0.0672659 0.271482 
4.5 0.0667974 0.0667974 0.26931 
4.51 0.0663319 0.0663319 0.267156 
4.52 0.0658695 0.0658695 0.265018 
4.53 0.0654099 0.0654099 0.262898 
4.54 0.0649533 0.0649533 0.260795 
4.55 0.0644996 0.0644996 0.258709 
4.56 0.0640488 0.0640488 0.256639 
4.57 0.0636009 0.0636009 0.254586 
4.58 0.0631559 0.0631559 0.252549 
4.59 0.0627137 0.0627137 0.250529 
4.6 0.0622744 0.0622744 0.248524 
4.61 0.0618379 0.0618379 0.246536 
4.62 0.0614042 0.0614042 0.244564 
4.63 0.0609733 0.0609733 0.242607 
4.64 0.0605452 0.0605452 0.240667 
4.65 0.0601199 0.0601199 0.238741 
4.66 0.0596973 0.0596973 0.236831 
4.67 0.0592775 0.0592775 0.234937 
4.68 0.0588604 0.0588604 0.233057 
4.69 0.058446 0.058446 0.231193 
4.7 0.0580343 0.0580343 0.229343 
4.71 0.0576252 0.0576252 0.227508 
4.72 0.0572189 0.0572189 0.225688 
4.73 0.0568151 0.0568151 0.223883 
4.74 0.0564141 0.0564141 0.222092 
4.75 0.0560156 0.0560156 0.220315 
4.76 0.0556197 0.0556197 0.218553 
4.77 0.0552265 0.0552265 0.216804 
4.78 0.0548358 0.0548358 0.21507 
4.79 0.0544477 0.0544477 0.213349 
4.8 0.0540621 0.0540621 0.211642 
4.81 0.053679 0.053679 0.209949 
4.82 0.0532985 0.0532985 0.20827 
4.83 0.0529205 0.0529205 0.206603 
4.84 0.052545 0.052545 0.204951 
4.85 0.0521719 0.0521719 0.203311 
4.86 0.0518014 0.0518014 0.201685 
4.87 0.0514332 0.0514332 0.200071 
4.88 0.0510675 0.0510675 0.198471 
4.89 0.0507043 0.0507043 0.196883 
4.9 0.0503434 0.0503434 0.195308 
4.91 0.0499849 0.0499849 0.193745 
4.92 0.0496288 0.0496288 0.192195 
4.93 0.0492751 0.0492751 0.190658 
4.94 0.0489238 0.0489238 0.189132 
4.95 0.0485747 0.0485747 0.187619 
4.96 0.048228 0.048228 0.186118 
4.97 0.0478836 0.0478836 0.184629 
4.98 0.0475415 0.0475415 0.183152 
4.99 0.0472017 0.0472017 0.181687 
5 0.0468642 0.0468642 0.180234 
5.01 0.0465289 0.0465289 0.178792 
5.02 0.0461959 0.0461959 0.177362 
5.03 0.0458651 0.0458651 0.175943 
5.04 0.0455365 0.0455365 0.174535 
5.05 0.0452102 0.0452102 0.173139 
5.06 0.044886 0.044886 0.171754 
5.07 0.044564 0.044564 0.17038 
5.08 0.0442442 0.0442442 0.169017 
5.09 0.0439265 0.0439265 0.167665 
5.1 0.043611 0.043611 0.166323 
5.11 0.0432976 0.0432976 0.164993 
5.12 0.0429863 0.0429863 0.163673 
5.13 0.0426771 0.0426771 0.162363 
5.14 0.04237 0.04237 0.161064 
5.15 0.042065 0.042065 0.159776 
5.16 0.0417621 0.0417621 0.158498 
5.17 0.0414612 0.0414612 0.15723 
5.18 0.0411624 0.0411624 0.155972 
5.19 0.0408656 0.0408656 0.154724 
5.2 0.0405708 0.0405708 0.153486 
5.21 0.040278 0.040278 0.152258 
5.22 0.0399872 0.0399872 0.15104 
5.23 0.0396984 0.0396984 0.149832 
5.24 0.0394115 0.0394115 0.148633 
5.25 0.0391266 0.0391266 0.147444 
5.26 0.0388437 0.0388437 0.146265 
5.27 0.0385626 0.0385626 0.145095 
5.28 0.0382836 0.0382836 0.143934 
5.29 0.0380064 0.0380064 0.142782 
5.3 0.0377311 0.0377311 0.14164 
5.31 0.0374577 0.0374577 0.140507 
5.32 0.0371861 0.0371861 0.139383 
5.33 0.0369165 0.0369165 0.138268 
5.34 0.0366487 0.0366487 0.137162 
5.35 0.0363827 0.0363827 0.136064 
5.36 0.0361186 0.0361186 0.134976 
5.37 0.0358562 0.0358562 0.133896 
5.38 0.0355957 0.0355957 0.132825 
5.39 0.035337 0.035337 0.131762 
5.4 0.03508 0.03508 0.130708 
5.41 0.0348249 0.0348249 0.129663 
5.42 0.0345714 0.0345714 0.128625 
5.43 0.0343198 0.0343198 0.127596 
5.44 0.0340699 0.0340699 0.126576 
5.45 0.0338217 0.0338217 0.125563 
5.46 0.0335752 0.0335752 0.124558 
5.47 0.0333304 0.0333304 0.123562 
5.48 0.0330874 0.0330874 0.122573 
5.49 0.032846 0.032846 0.121593 
5.5 0.0326063 0.0326063 0.12062 
5.51 0.0323682 0.0323682 0.119655 
5.52 0.0321318 0.0321318 0.118698 
5.53 0.0318971 0.0318971 0.117748 
5.54 0.0316639 0.0316639 0.116806 
5.55 0.0314324 0.0314324 0.115872 
5.56 0.0312026 0.0312026 0.114945 
5.57 0.0309743 0.0309743 0.114025 
5.58 0.0307476 0.0307476 0.113113 
5.59 0.0305225 0.0305225 0.112208 
5.6 0.0302989 0.0302989 0.111311 
5.61 0.030077 0.030077 0.11042 
5.62 0.0298565 0.0298565 0.109537 
5.63 0.0296376 0.0296376 0.10866 
5.64 0.0294203 0.0294203 0.107791 
5.65 0.0292045 0.0292045 0.106929 
5.66 0.0289901 0.0289901 0.106073 
5.67 0.0287773 0.0287773 0.105225 
5.68 0.028566 0.028566 0.104383 
5.69 0.0283562 0.0283562 0.103548 
5.7 0.0281478 0.0281478 0.10272 
5.71 0.0279409 0.0279409 0.101898 
5.72 0.0277354 0.0277354 0.101083 
5.73 0.0275314 0.0275314 0.100274 
5.74 0.0273288 0.0273288 0.0994718 
5.75 0.0271277 0.0271277 0.098676 
5.76 0.026928 0.026928 0.0978866 
5.77 0.0267296 0.0267296 0.0971035 
5.78 0.0265327 0.0265327 0.0963267 
5.79 0.0263372 0.0263372 0.095556 
5.8 0.026143 0.026143 0.0947916 
5.81 0.0259503 0.0259503 0.0940333 
5.82 0.0257588 0.0257588 0.093281 
5.83 0.0255688 0.0255688 0.0925348 
5.84 0.0253801 0.0253801 0.0917945 
5.85 0.0251927 0.0251927 0.0910601 
5.86 0.0250066 0.0250066 0.0903316 
5.87 0.0248219 0.0248219 0.089609 
5.88 0.0246384 0.0246384 0.0888921 
5.89 0.0244563 0.0244563 0.088181 
5.9 0.0242755 0.0242755 0.0874755 
5.91 0.0240959 0.0240959 0.0867757 
5.92 0.0239176 0.0239176 0.0860815 
5.93 0.0237406 0.0237406 0.0853929 
5.94 0.0235649 0.0235649 0.0847097 
5.95 0.0233904 0.0233904 0.084032 
5.96 0.0232171 0.0232171 0.0833598 
5.97 0.0230451 0.0230451 0.0826929 
5.98 0.0228743 0.0228743 0.0820314 
5.99 0.0227047 0.0227047 0.0813751 
6 0.0225363 0.0225363 0.0807241 
6.01 0.0223691 0.0223691 0.0800783 
6.02 0.0222031 0.0222031 0.0794377 
6.03 0.0220384 0.0220384 0.0788022 
6.04 0.0218747 0.0218747 0.0781718 
6.05 0.0217123 0.0217123 0.0775464 
6.06 0.021551 0.021551 0.076926 
6.07 0.0213909 0.0213909 0.0763106 
6.08 0.0212319 0.0212319 0.0757001 
6.09 0.021074 0.021074 0.0750945 
6.1 0.0209173 0.0209173 0.0744938 
6.11 0.0207617 0.0207617 0.0738978 
6.12 0.0206072 0.0206072 0.0733066 
6.13 0.0204538 0.0204538 0.0727202 
6.14 0.0203016 0.0203016 0.0721384 
6.15 0.0201504 0.0201504 0.0715613 
6.16 0.0200003 0.0200003 0.0709888 
6.17 0.0198513 0.0198513 0.0704209 
6.18 0.0197033 0.0197033 0.0698576 
6.19 0.0195565 0.0195565 0.0692987 
6.2 0.0194106 0.0194106 0.0687443 
6.21 0.0192659 0.0192659 0.0681944 
6.22 0.0191221 0.0191221 0.0676488 
6.23 0.0189794 0.0189794 0.0671076 
6.24 0.0188378 0.0188378 0.0665707 
6.25 0.0186971 0.0186971 0.0660382 
6.26 0.0185575 0.0185575 0.0655099 
6.27 0.0184189 0.0184189 0.0649858 
6.28 0.0182813 0.0182813 0.0644659 
6.29 0.0181446 0.0181446 0.0639502 
6.3 0.018009 0.018009 0.0634386 
6.31 0.0178743 0.0178743 0.0629311 
6.32 0.0177406 0.0177406 0.0624276 
6.33 0.0176079 0.0176079 0.0619282 
6.34 0.0174762 0.0174762 0.0614328 
6.35 0.0173454 0.0173454 0.0609413 
6.36 0.0172155 0.0172155 0.0604538 
6.37 0.0170866 0.0170866 0.0599702 
6.38 0.0169586 0.0169586 0.0594904 
6.39 0.0168316 0.0168316 0.0590145 
6.4 0.0167054 0.0167054 0.0585424 
6.41 0.0165802 0.0165802 0.058074 
6.42 0.0164559 0.0164559 0.0576094 
6.43 0.0163325 0.0163325 0.0571485 
6.44 0.01621 0.01621 0.0566914 
6.45 0.0160884 0.0160884 0.0562378 
6.46 0.0159676 0.0159676 0.0557879 
6.47 0.0158478 0.0158478 0.0553416 
6.48 0.0157288 0.0157288 0.0548989 
6.49 0.0156107 0.0156107 0.0544597 
6.5 0.0154934 0.0154934 0.054024 
6.51 0.015377 0.015377 0.0535918 
6.52 0.0152615 0.0152615 0.0531631 
6.53 0.0151467 0.0151467 0.0527378 
6.54 0.0150329 0.0150329 0.0523159 
6.55 0.0149198 0.0149198 0.0518974 
6.56 0.0148076 0.0148076 0.0514822 
6.57 0.0146962 0.0146962 0.0510703 
6.58 0.0145856 0.0145856 0.0506618 
6.59 0.0144758 0.0144758 0.0502565 
6.6 0.0143668 0.0143668 0.0498544 
6.61 0.0142587 0.0142587 0.0494556 
6.62 0.0141513 0.0141513 0.0490599 
6.63 0.0140447 0.0140447 0.0486675 
6.64 0.0139389 0.0139389 0.0482781 
6.65 0.0138338 0.0138338 0.0478919 
6.66 0.0137295 0.0137295 0.0475088 
6.67 0.013626 0.013626 0.0471287 
6.68 0.0135232 0.0135232 0.0467517 
6.69 0.0134212 0.0134212 0.0463776 
6.7 0.01332 0.01332 0.0460066 
6.71 0.0132195 0.0132195 0.0456386 
6.72 0.0131197 0.0131197 0.0452735 
6.73 0.0130207 0.0130207 0.0449113 
6.74 0.0129223 0.0129223 0.044552 
6.75 0.0128247 0.0128247 0.0441956 
6.76 0.0127279 0.0127279 0.043842 
6.77 0.0126317 0.0126317 0.0434913 
6.78 0.0125362 0.0125362 0.0431433 
6.79 0.0124415 0.0124415 0.0427982 
6.8 0.0123474 0.0123474 0.0424558 
6.81 0.0122541 0.0122541 0.0421162 
6.82 0.0121614 0.0121614 0.0417792 
6.83 0.0120694 0.0120694 0.041445 
6.84 0.0119781 0.0119781 0.0411134 
6.85 0.0118874 0.0118874 0.0407845 
6.86 0.0117975 0.0117975 0.0404583 
6.87 0.0117081 0.0117081 0.0401346 
6.88 0.0116195 0.0116195 0.0398135 
6.89 0.0115315 0.0115315 0.039495 
6.9 0.0114441 0.0114441 0.039179 
6.91 0.0113574 0.0113574 0.0388656 
6.92 0.0112714 0.0112714 0.0385547 
6.93 0.0111859 0.0111859 0.0382462 
6.94 0.0111011 0.0111011 0.0379403 
6.95 0.011017 0.011017 0.0376368 
6.96 0.0109334 0.0109334 0.0373357 
6.97 0.0108505 0.0108505 0.037037 
6.98 0.0107682 0.0107682 0.0367407 
6.99 0.0106864 0.0106864 0.0364468 
7 0.0106053 0.0106053 0.0361552 
7.01 0.0105248 0.0105248 0.0358659 
7.02 0.0104449 0.0104449 0.035579 
7.03 0.0103656 0.0103656 0.0352944 
7.04 0.0102869 0.0102869 0.035012 
7.05 0.0102087 0.0102087 0.0347319 
7.06 0.0101312 0.0101312 0.0344541 
7.07 0.0100542 0.0100542 0.0341784 
7.08 0.00997778 0.00997778 0.033905 
7.09 0.00990193 0.00990193 0.0336338 
7.1 0.00982664 0.00982664 0.0333647 
7.11 0.00975191 0.00975191 0.0330978 
7.12 0.00967774 0.00967774 0.032833 
7.13 0.00960411 0.00960411 0.0325703 
7.14 0.00953104 0.00953104 0.0323098 
7.15 0.00945851 0.00945851 0.0320513 
7.16 0.00938652 0.00938652 0.0317949 
7.17 0.00931506 0.00931506 0.0315405 
7.18 0.00924413 0.00924413 0.0312882 
7.19 0.00917374 0.00917374 0.0310379 
7.2 0.00910386 0.00910386 0.0307896 
7.21 0.00903451 0.00903451 0.0305433 
7.22 0.00896567 0.00896567 0.0302989 
7.23 0.00889735 0.00889735 0.0300565 
7.24 0.00882954 0.00882954 0.0298161 
7.25 0.00876223 0.00876223 0.0295776 
7.26 0.00869542 0.00869542 0.0293409 
7.27 0.00862911 0.00862911 0.0291062 
7.28 0.0085633 0.0085633 0.0288734 
7.29 0.00849797 0.00849797 0.0286424 
7.3 0.00843314 0.00843314 0.0284132 
7.31 0.00836879 0.00836879 0.0281859 
7.32 0.00830492 0.00830492 0.0279604 
7.33 0.00824152 0.00824152 0.0277368 
7.34 0.0081786 0.0081786 0.0275149 
7.35 0.00811615 0.00811615 0.0272947 
7.36 0.00805417 0.00805417 0.0270764 
7.37 0.00799265 0.00799265 0.0268598 
7.38 0.00793159 0.00793159 0.0266449 
7.39 0.00787099 0.00787099 0.0264317 
7.4 0.00781084 0.00781084 0.0262203 
7.41 0.00775114 0.00775114 0.0260105 
7.42 0.00769189 0.00769189 0.0258024 
7.43 0.00763308 0.00763308 0.025596 
7.44 0.00757471 0.00757471 0.0253913 
7.45 0.00751678 0.00751678 0.0251881 
7.46 0.00745929 0.00745929 0.0249866 
7.47 0.00740222 0.00740222 0.0247867 
7.48 0.00734558 0.00734558 0.0245884 
7.49 0.00728937 0.00728937 0.0243917 
7.5 0.00723358 0.00723358 0.0241966 
7.51 0.00717821 0.00717821 0.024003 
7.52 0.00712325 0.00712325 0.023811 
7.53 0.0070687 0.0070687 0.0236205 
7.54 0.00701457 0.00701457 0.0234315 
7.55 0.00696084 0.00696084 0.0232441 
7.56 0.00690751 0.00690751 0.0230581 
7.57 0.00685459 0.00685459 0.0228737 
7.58 0.00680206 0.00680206 0.0226907 
7.59 0.00674993 0.00674993 0.0225092 
7.6 0.00669819 0.00669819 0.0223291 
7.61 0.00664684 0.00664684 0.0221504 
7.62 0.00659588 0.00659588 0.0219732 
7.63 0.00654529 0.00654529 0.0217975 
7.64 0.00649509 0.00649509 0.0216231 
7.65 0.00644527 0.00644527 0.0214501 
7.66 0.00639582 0.00639582 0.0212785 
7.67 0.00634675 0.00634675 0.0211083 
7.68 0.00629804 0.00629804 0.0209394 
7.69 0.0062497 0.0062497 0.0207719 
7.7 0.00620173 0.00620173 0.0206057 
7.71 0.00615411 0.00615411 0.0204409 
7.72 0.00610686 0.00610686 0.0202773 
7.73 0.00605996 0.00605996 0.0201151 
7.74 0.00601342 0.00601342 0.0199542 
7.75 0.00596722 0.00596722 0.0197946 
7.76 0.00592138 0.00592138 0.0196362 
7.77 0.00587588 0.00587588 0.0194791 
7.78 0.00583072 0.00583072 0.0193233 
7.79 0.00578591 0.00578591 0.0191687 
7.8 0.00574143 0.00574143 0.0190153 
7.81 0.00569729 0.00569729 0.0188632 
7.82 0.00565349 0.00565349 0.0187123 
7.83 0.00561001 0.00561001 0.0185626 
7.84 0.00556686 0.00556686 0.0184141 
7.85 0.00552404 0.00552404 0.0182668 
7.86 0.00548154 0.00548154 0.0181207 
7.87 0.00543937 0.00543937 0.0179757 
7.88 0.00539751 0.00539751 0.0178319 
7.89 0.00535597 0.00535597 0.0176892 
7.9 0.00531474 0.00531474 0.0175477 
7.91 0.00527383 0.00527383 0.0174074 
7.92 0.00523322 0.00523322 0.0172681 
7.93 0.00519293 0.00519293 0.0171299 
7.94 0.00515293 0.00515293 0.0169929 
7.95 0.00511324 0.00511324 0.016857 
7.96 0.00507386 0.00507386 0.0167221 
7.97 0.00503477 0.00503477 0.0165883 
7.98 0.00499597 0.00499597 0.0164556 
7.99 0.00495747 0.00495747 0.016324 
8 0.00491926 0.00491926 0.0161934 
8.01 0.00488134 0.00488134 0.0160638 
8.02 0.00484371 0.00484371 0.0159353 
8.03 0.00480637 0.00480637 0.0158078 
8.04 0.00476931 0.00476931 0.0156814 
8.05 0.00473252 0.00473252 0.0155559 
8.06 0.00469602 0.00469602 0.0154315 
8.07 0.0046598 0.0046598 0.015308 
8.08 0.00462385 0.00462385 0.0151856 
8.09 0.00458817 0.00458817 0.0150641 
8.1 0.00455277 0.00455277 0.0149436 
8.11 0.00451763 0.00451763 0.014824 
8.12 0.00448276 0.00448276 0.0147054 
8.13 0.00444815 0.00444815 0.0145878 
8.14 0.00441381 0.00441381 0.0144711 
8.15 0.00437973 0.00437973 0.0143553 
8.16 0.00434591 0.00434591 0.0142405 
8.17 0.00431235 0.00431235 0.0141266 
8.18 0.00427904 0.00427904 0.0140135 
8.19 0.00424598 0.00424598 0.0139014 
8.2 0.00421318 0.00421318 0.0137902 
8.21 0.00418062 0.00418062 0.0136799 
8.22 0.00414831 0.00414831 0.0135705 
8.23 0.00411625 0.00411625 0.0134619 
8.24 0.00408444 0.00408444 0.0133542 
8.25 0.00405286 0.00405286 0.0132474 
8.26 0.00402153 0.00402153 0.0131414 
8.27 0.00399043 0.00399043 0.0130363 
8.28 0.00395957 0.00395957 0.012932 
8.29 0.00392895 0.00392895 0.0128285 
8.3 0.00389856 0.00389856 0.0127259 
8.31 0.0038684 0.0038684 0.0126241 
8.32 0.00383847 0.00383847 0.0125231 
8.33 0.00380877 0.00380877 0.0124229 
8.34 0.0037793 0.0037793 0.0123235 
8.35 0.00375005 0.00375005 0.0122249 
8.36 0.00372103 0.00372103 0.0121271 
8.37 0.00369222 0.00369222 0.0120301 
8.38 0.00366364 0.00366364 0.0119339 
8.39 0.00363527 0.00363527 0.0118384 
8.4 0.00360712 0.00360712 0.0117437 
8.41 0.00357919 0.00357919 0.0116497 
8.42 0.00355147 0.00355147 0.0115565 
8.43 0.00352396 0.00352396 0.0114641 
8.44 0.00349666 0.00349666 0.0113724 
8.45 0.00346957 0.00346957 0.0112814 
8.46 0.00344268 0.00344268 0.0111911 
8.47 0.003416 0.003416 0.0111016 
8.48 0.00338953 0.00338953 0.0110128 
8.49 0.00336326 0.00336326 0.0109247 
8.5 0.00333719 0.00333719 0.0108373 
8.51 0.00331131 0.00331131 0.0107506 
8.52 0.00328564 0.00328564 0.0106646 
8.53 0.00326016 0.00326016 0.0105793 
8.54 0.00323488 0.00323488 0.0104947 
8.55 0.00320979 0.00320979 0.0104107 
8.56 0.00318489 0.00318489 0.0103274 
8.57 0.00316019 0.00316019 0.0102448 
8.58 0.00313567 0.00313567 0.0101628 
8.59 0.00311134 0.00311134 0.0100815 
8.6 0.0030872 0.0030872 0.0100009 
8.61 0.00306324 0.00306324 0.00992087 
8.62 0.00303946 0.00303946 0.0098415 
8.63 0.00301587 0.00301587 0.00976277 
8.64 0.00299246 0.00299246 0.00968467 
8.65 0.00296923 0.00296923 0.00960719 
8.66 0.00294617 0.00294617 0.00953033 
8.67 0.0029233 0.0029233 0.00945409 
8.68 0.00290059 0.00290059 0.00937846 
8.69 0.00287807 0.00287807 0.00930343 
8.7 0.00285571 0.00285571 0.009229 
8.71 0.00283353 0.00283353 0.00915517 
8.72 0.00281151 0.00281151 0.00908193 
8.73 0.00278967 0.00278967 0.00900927 
8.74 0.00276799 0.00276799 0.0089372 
8.75 0.00274648 0.00274648 0.0088657 
8.76 0.00272513 0.00272513 0.00879478 
8.77 0.00270395 0.00270395 0.00872442 
8.78 0.00268293 0.00268293 0.00865462 
8.79 0.00266208 0.00266208 0.00858539 
8.8 0.00264138 0.00264138 0.0085167 
8.81 0.00262084 0.00262084 0.00844857 
8.82 0.00260046 0.00260046 0.00838098 
8.83 0.00258024 0.00258024 0.00831393 
8.84 0.00256017 0.00256017 0.00824742 
8.85 0.00254025 0.00254025 0.00818144 
8.86 0.00252049 0.00252049 0.00811599 
8.87 0.00250088 0.00250088 0.00805106 
8.88 0.00248142 0.00248142 0.00798665 
8.89 0.00246211 0.00246211 0.00792276 
8.9 0.00244295 0.00244295 0.00785938 
8.91 0.00242394 0.00242394 0.0077965 
8.92 0.00240507 0.00240507 0.00773413 
8.93 0.00238635 0.00238635 0.00767226 
8.94 0.00236777 0.00236777 0.00761088 
8.95 0.00234934 0.00234934 0.00754999 
8.96 0.00233105 0.00233105 0.00748959 
8.97 0.0023129 0.0023129 0.00742968 
8.98 0.00229488 0.00229488 0.00737024 
8.99 0.00227701 0.00227701 0.00731128 
9 0.00225927 0.00225927 0.00725279 
9.01 0.00224167 0.00224167 0.00719476 
9.02 0.00222421 0.00222421 0.00713721 
9.03 0.00220688 0.00220688 0.00708011 
9.04 0.00218969 0.00218969 0.00702347 
9.05 0.00217262 0.00217262 0.00696728 
9.06 0.00215569 0.00215569 0.00691154 
9.07 0.00213889 0.00213889 0.00685625 
9.08 0.00212222 0.00212222 0.0068014 
9.09 0.00210568 0.00210568 0.00674699 
9.1 0.00208926 0.00208926 0.00669301 
9.11 0.00207297 0.00207297 0.00663947 
9.12 0.00205681 0.00205681 0.00658635 
9.13 0.00204077 0.00204077 0.00653366 
9.14 0.00202486 0.00202486 0.00648139 
9.15 0.00200906 0.00200906 0.00642954 
9.16 0.00199339 0.00199339 0.00637811 
9.17 0.00197784 0.00197784 0.00632708 
9.18 0.00196241 0.00196241 0.00627646 
9.19 0.0019471 0.0019471 0.00622625 
9.2 0.00193191 0.00193191 0.00617644 
9.21 0.00191684 0.00191684 0.00612703 
9.22 0.00190188 0.00190188 0.00607801 
9.23 0.00188704 0.00188704 0.00602939 
9.24 0.00187231 0.00187231 0.00598116 
9.25 0.00185769 0.00185769 0.00593331 
9.26 0.00184319 0.00184319 0.00588584 
9.27 0.0018288 0.0018288 0.00583875 
9.28 0.00181453 0.00181453 0.00579204 
9.29 0.00180036 0.00180036 0.00574571 
9.3 0.0017863 0.0017863 0.00569974 
9.31 0.00177235 0.00177235 0.00565414 
9.32 0.00175851 0.00175851 0.00560891 
9.33 0.00174477 0.00174477 0.00556404 
9.34 0.00173115 0.00173115 0.00551953 
9.35 0.00171762 0.00171762 0.00547537 
9.36 0.0017042 0.0017042 0.00543157 
9.37 0.00169089 0.00169089 0.00538811 
9.38 0.00167768 0.00167768 0.00534501 
9.39 0.00166457 0.00166457 0.00530225 
9.4 0.00165156 0.00165156 0.00525983 
9.41 0.00163865 0.00163865 0.00521775 
9.42 0.00162585 0.00162585 0.00517601 
9.43 0.00161314 0.00161314 0.0051346 
9.44 0.00160053 0.00160053 0.00509353 
9.45 0.00158802 0.00158802 0.00505278 
9.46 0.0015756 0.0015756 0.00501236 
9.47 0.00156328 0.00156328 0.00497226 
9.48 0.00155106 0.00155106 0.00493248 
9.49 0.00153893 0.00153893 0.00489302 
9.5 0.00152689 0.00152689 0.00485387 
9.51 0.00151495 0.00151495 0.00481504 
9.52 0.0015031 0.0015031 0.00477652 
9.53 0.00149134 0.00149134 0.00473831 
9.54 0.00147968 0.00147968 0.0047004 
9.55 0.0014681 0.0014681 0.0046628 
9.56 0.00145661 0.00145661 0.0046255 
9.57 0.00144522 0.00144522 0.00458849 
9.58 0.00143391 0.00143391 0.00455179 
9.59 0.00142269 0.00142269 0.00451537 
9.6 0.00141155 0.00141155 0.00447925 
9.61 0.00140051 0.00140051 0.00444342 
9.62 0.00138954 0.00138954 0.00440787 
9.63 0.00137867 0.00137867 0.00437261 
9.64 0.00136787 0.00136787 0.00433762 
9.65 0.00135716 0.00135716 0.00430292 
9.66 0.00134654 0.00134654 0.0042685 
9.67 0.00133599 0.00133599 0.00423435 
9.68 0.00132553 0.00132553 0.00420048 
9.69 0.00131515 0.00131515 0.00416687 
9.7 0.00130485 0.00130485 0.00413354 
9.71 0.00129463 0.00129463 0.00410047 
9.72 0.00128449 0.00128449 0.00406767 
9.73 0.00127443 0.00127443 0.00403513 
9.74 0.00126445 0.00126445 0.00400284 
9.75 0.00125454 0.00125454 0.00397082 
9.76 0.00124471 0.00124471 0.00393905 
9.77 0.00123496 0.00123496 0.00390754 
9.78 0.00122528 0.00122528 0.00387628 
9.79 0.00121568 0.00121568 0.00384527 
9.8 0.00120615 0.00120615 0.00381451 
9.81 0.0011967 0.0011967 0.00378399 
9.82 0.00118732 0.00118732 0.00375372 
9.83 0.00117801 0.00117801 0.00372369 
9.84 0.00116878 0.00116878 0.0036939 
9.85 0.00115962 0.00115962 0.00366435 
9.86 0.00115053 0.00115053 0.00363504 
9.87 0.0011415 0.0011415 0.00360596 
9.88 0.00113255 0.00113255 0.00357711 
9.89 0.00112367 0.00112367 0.00354849 
9.9 0.00111486 0.00111486 0.0035201 
9.91 0.00110612 0.00110612 0.00349194 
9.92 0.00109744 0.00109744 0.00346401 
9.93 0.00108883 0.00108883 0.0034363 
9.94 0.00108029 0.00108029 0.0034088 
9.95 0.00107182 0.00107182 0.00338153 
9.96 0.00106341 0.00106341 0.00335448 
9.97 0.00105507 0.00105507 0.00332765 
9.98 0.00104679 0.00104679 0.00330102 
9.99 0.00103858 0.00103858 0.00327462 
10 0.00103043 0.00103043 0.00324842 

