0 1.01
0.01 1.0201
0.02 1.0303
0.03 1.0406
0.04 1.05101
0.05 1.06152
0.06 1.07214
0.07 1.08286
0.08 1.09369
0.09 1.10462
0.1 1.11567
0.11 1.12683
0.12 1.13809
0.13 1.14947
0.14 1.16097
0.15 1.17258
0.16 1.1843
0.17 1.19615
0.18 1.20811
0.19 1.22019
0.2 1.23239
0.21 1.24472
0.22 1.25716
0.23 1.26973
0.24 1.28243
0.25 1.29526
0.26 1.30821
0.27 1.32129
0.28 1.3345
0.29 1.34785
0.3 1.36133
0.31 1.37494
0.32 1.38869
0.33 1.40258
0.34 1.4166
0.35 1.43077
0.36 1.44508
0.37 1.45953
0.38 1.47412
0.39 1.48886
0.4 1.50375
0.41 1.51879
0.42 1.53398
0.43 1.54932
0.44 1.56481
0.45 1.58046
0.46 1.59626
0.47 1.61223
0.48 1.62835
0.49 1.64463
0.5 1.66108
0.51 1.67769
0.52 1.69447
0.53 1.71141
0.54 1.72852
0.55 1.74581
0.56 1.76327
0.57 1.7809
0.58 1.79871
0.59 1.8167
0.6 1.83486
0.61 1.85321
0.62 1.87174
0.63 1.89046
0.64 1.90937
0.65 1.92846
0.66 1.94774
0.67 1.96722
0.68 1.98689
0.69 2.00676
0.7 2.02683
0.71 2.0471
0.72 2.06757
0.73 2.08825
0.74 2.10913
0.75 2.13022
0.76 2.15152
0.77 2.17304
0.78 2.19477
0.79 2.21672
0.8 2.23888
0.81 2.26127
0.82 2.28388
0.83 2.30672
0.84 2.32979
0.85 2.35309
0.86 2.37662
0.87 2.40038
0.88 2.42439
0.89 2.44863
0.9 2.47312
0.91 2.49785
0.92 2.52283
0.93 2.54806
0.94 2.57354
0.95 2.59927
0.96 2.62527
0.97 2.65152
0.98 2.67803
0.99 2.70481
1 2.73186
1.01 2.75918
1.02 2.78677
1.03 2.81464
1.04 2.84279
1.05 2.87121
1.06 2.89993
1.07 2.92893
1.08 2.95822
1.09 2.9878
1.1 3.01768
1.11 3.04785
1.12 3.07833
1.13 3.10911
1.14 3.1402
1.15 3.17161
1.16 3.20332
1.17 3.23536
1.18 3.26771
1.19 3.30039
1.2 3.33339
1.21 3.36672
1.22 3.40039
1.23 3.4344
1.24 3.46874
1.25 3.50343
1.26 3.53846
1.27 3.57385
1.28 3.60958
1.29 3.64568
1.3 3.68214
1.31 3.71896
1.32 3.75615
1.33 3.79371
1.34 3.83165
1.35 3.86996
1.36 3.90866
1.37 3.94775
1.38 3.98723
1.39 4.0271
1.4 4.06737
1.41 4.10804
1.42 4.14912
1.43 4.19062
1.44 4.23252
1.45 4.27485
1.46 4.3176
1.47 4.36077
1.48 4.40438
1.49 4.44842
1.5 4.49291
1.51 4.53784
1.52 4.58321
1.53 4.62905
1.54 4.67534
1.55 4.72209
1.56 4.76931
1.57 4.817
1.58 4.86517
1.59 4.91383
1.6 4.96296
1.61 5.01259
1.62 5.06272
1.63 5.11335
1.64 5.16448
1.65 5.21613
1.66 5.26829
1.67 5.32097
1.68 5.37418
1.69 5.42792
1.7 5.4822
1.71 5.53702
1.72 5.59239
1.73 5.64832
1.74 5.7048
1.75 5.76185
1.76 5.81947
1.77 5.87766
1.78 5.93644
1.79 5.9958
1.8 6.05576
1.81 6.11632
1.82 6.17748
1.83 6.23926
1.84 6.30165
1.85 6.36466
1.86 6.42831
1.87 6.49259
1.88 6.55752
1.89 6.6231
1.9 6.68933
1.91 6.75622
1.92 6.82378
1.93 6.89202
1.94 6.96094
1.95 7.03055
1.96 7.10085
1.97 7.17186
1.98 7.24358
1.99 7.31602
2 7.38918
2.01 7.46307
2.02 7.5377
2.03 7.61308
2.04 7.68921
2.05 7.7661
2.06 7.84376
2.07 7.9222
2.08 8.00142
2.09 8.08144
2.1 8.16225
2.11 8.24387
2.12 8.32631
2.13 8.40957
2.14 8.49367
2.15 8.57861
2.16 8.66439
2.17 8.75104
2.18 8.83855
2.19 8.92693
2.2 9.0162
2.21 9.10636
2.22 9.19743
2.23 9.2894
2.24 9.3823
2.25 9.47612
2.26 9.57088
2.27 9.66659
2.28 9.76325
2.29 9.86089
2.3 9.9595
2.31 10.0591
2.32 10.1597
2.33 10.2613
2.34 10.3639
2.35 10.4675
2.36 10.5722
2.37 10.6779
2.38 10.7847
2.39 10.8926
2.4 11.0015
2.41 11.1115
2.42 11.2226
2.43 11.3348
2.44 11.4482
2.45 11.5627
2.46 11.6783
2.47 11.7951
2.48 11.913
2.49 12.0322
2.5 12.1525
2.51 12.274
2.52 12.3967
2.53 12.5207
2.54 12.6459
2.55 12.7724
2.56 12.9001
2.57 13.0291
2.58 13.1594
2.59 13.291
2.6 13.4239
2.61 13.5581
2.62 13.6937
2.63 13.8307
2.64 13.969
2.65 14.1086
2.66 14.2497
2.67 14.3922
2.68 14.5362
2.69 14.6815
2.7 14.8283
2.71 14.9766
2.72 15.1264
2.73 15.2776
2.74 15.4304
2.75 15.5847
2.76 15.7406
2.77 15.898
2.78 16.057
2.79 16.2175
2.8 16.3797
2.81 16.5435
2.82 16.7089
2.83 16.876
2.84 17.0448
2.85 17.2152
2.86 17.3874
2.87 17.5613
2.88 17.7369
2.89 17.9142
2.9 18.0934
2.91 18.2743
2.92 18.4571
2.93 18.6416
2.94 18.828
2.95 19.0163
2.96 19.2065
2.97 19.3986
2.98 19.5925
2.99 19.7885
3 19.9864
3.01 20.1862
3.02 20.3881
3.03 20.592
3.04 20.7979
3.05 21.0059
3.06 21.2159
3.07 21.4281
3.08 21.6424
3.09 21.8588
3.1 22.0774
3.11 22.2981
3.12 22.5211
3.13 22.7463
3.14 22.9738
3.15 23.2035
3.16 23.4356
3.17 23.6699
3.18 23.9066
3.19 24.1457
3.2 24.3871
3.21 24.631
3.22 24.8773
3.23 25.1261
3.24 25.3774
3.25 25.6311
3.26 25.8874
3.27 26.1463
3.28 26.4078
3.29 26.6719
3.3 26.9386
3.31 27.208
3.32 27.48
3.33 27.7548
3.34 28.0324
3.35 28.3127
3.36 28.5958
3.37 28.8818
3.38 29.1706
3.39 29.4623
3.4 29.757
3.41 30.0545
3.42 30.3551
3.43 30.6586
3.44 30.9652
3.45 31.2749
3.46 31.5876
3.47 31.9035
3.48 32.2225
3.49 32.5447
3.5 32.8702
3.51 33.1989
3.52 33.5309
3.53 33.8662
3.54 34.2049
3.55 34.5469
3.56 34.8924
3.57 35.2413
3.58 35.5937
3.59 35.9496
3.6 36.3091
3.61 36.6722
3.62 37.039
3.63 37.4093
3.64 37.7834
3.65 38.1613
3.66 38.5429
3.67 38.9283
3.68 39.3176
3.69 39.7108
3.7 40.1079
3.71 40.509
3.72 40.914
3.73 41.3232
3.74 41.7364
3.75 42.1538
3.76 42.5753
3.77 43.0011
3.78 43.4311
3.79 43.8654
3.8 44.304
3.81 44.7471
3.82 45.1946
3.83 45.6465
3.84 46.103
3.85 46.564
3.86 47.0296
3.87 47.4999
3.88 47.9749
3.89 48.4547
3.9 48.9392
3.91 49.4286
3.92 49.9229
3.93 50.4221
3.94 50.9264
3.95 51.4356
3.96 51.95
3.97 52.4695
3.98 52.9942
3.99 53.5241
4 54.0594
4.01 54.6
4.02 55.146
4.03 55.6974
4.04 56.2544
4.05 56.8169
4.06 57.3851
4.07 57.9589
4.08 58.5385
4.09 59.1239
4.1 59.7152
4.11 60.3123
4.12 60.9154
4.13 61.5246
4.14 62.1398
4.15 62.7612
4.16 63.3888
4.17 64.0227
4.18 64.663
4.19 65.3096
4.2 65.9627
4.21 66.6223
4.22 67.2885
4.23 67.9614
4.24 68.641
4.25 69.3275
4.26 70.0207
4.27 70.7209
4.28 71.4281
4.29 72.1424
4.3 72.8638
4.31 73.5925
4.32 74.3284
4.33 75.0717
4.34 75.8224
4.35 76.5806
4.36 77.3464
4.37 78.1199
4.38 78.9011
4.39 79.6901
4.4 80.487
4.41 81.2919
4.42 82.1048
4.43 82.9259
4.44 83.7551
4.45 84.5927
4.46 85.4386
4.47 86.293
4.48 87.1559
4.49 88.0275
4.5 88.9077
4.51 89.7968
4.52 90.6948
4.53 91.6017
4.54 92.5178
4.55 93.4429
4.56 94.3774
4.57 95.3211
4.58 96.2743
4.59 97.2371
4.6 98.2095
4.61 99.1916
4.62 100.183
4.63 101.185
4.64 102.197
4.65 103.219
4.66 104.251
4.67 105.294
4.68 106.347
4.69 107.41
4.7 108.484
4.71 109.569
4.72 110.665
4.73 111.772
4.74 112.889
4.75 114.018
4.76 115.158
4.77 116.31
4.78 117.473
4.79 118.648
4.8 119.834
4.81 121.033
4.82 122.243
4.83 123.465
4.84 124.7
4.85 125.947
4.86 127.206
4.87 128.478
4.88 129.763
4.89 131.061
4.9 132.372
4.91 133.695
4.92 135.032
4.93 136.383
4.94 137.746
4.95 139.124
4.96 140.515
4.97 141.92
4.98 143.339
4.99 144.773
5 146.221
5.01 147.683
5.02 149.16
5.03 150.651
5.04 152.158
5.05 153.679
5.06 155.216
5.07 156.768
5.08 158.336
5.09 159.919
5.1 161.518
5.11 163.134
5.12 164.765
5.13 166.413
5.14 168.077
5.15 169.757
5.16 171.455
5.17 173.17
5.18 174.901
5.19 176.65
5.2 178.417
5.21 180.201
5.22 182.003
5.23 183.823
5.24 185.661
5.25 187.518
5.26 189.393
5.27 191.287
5.28 193.2
5.29 195.132
5.3 197.083
5.31 199.054
5.32 201.045
5.33 203.055
5.34 205.086
5.35 207.136
5.36 209.208
5.37 211.3
5.38 213.413
5.39 215.547
5.4 217.702
5.41 219.879
5.42 222.078
5.43 224.299
5.44 226.542
5.45 228.807
5.46 231.095
5.47 233.406
5.48 235.741
5.49 238.098
5.5 240.479
5.51 242.884
5.52 245.313
5.53 247.766
5.54 250.243
5.55 252.746
5.56 255.273
5.57 257.826
5.58 260.404
5.59 263.008
5.6 265.638
5.61 268.295
5.62 270.978
5.63 273.687
5.64 276.424
5.65 279.189
5.66 281.98
5.67 284.8
5.68 287.648
5.69 290.525
5.7 293.43
5.71 296.364
5.72 299.328
5.73 302.321
5.74 305.344
5.75 308.398
5.76 311.482
5.77 314.597
5.78 317.743
5.79 320.92
5.8 324.129
5.81 327.37
5.82 330.644
5.83 333.951
5.84 337.29
5.85 340.663
5.86 344.07
5.87 347.51
5.88 350.985
5.89 354.495
5.9 358.04
5.91 361.621
5.92 365.237
5.93 368.889
5.94 372.578
5.95 376.304
5.96 380.067
5.97 383.868
5.98 387.706
5.99 391.583
6 395.499
6.01 399.454
6.02 403.449
6.03 407.483
6.04 411.558
6.05 415.674
6.06 419.83
6.07 424.029
6.08 428.269
6.09 432.552
6.1 436.877
6.11 441.246
6.12 445.658
6.13 450.115
6.14 454.616
6.15 459.162
6.16 463.754
6.17 468.391
6.18 473.075
6.19 477.806
6.2 482.584
6.21 487.41
6.22 492.284
6.23 497.207
6.24 502.179
6.25 507.201
6.26 512.273
6.27 517.396
6.28 522.57
6.29 527.795
6.3 533.073
6.31 538.404
6.32 543.788
6.33 549.226
6.34 554.718
6.35 560.265
6.36 565.868
6.37 571.527
6.38 577.242
6.39 583.014
6.4 588.844
6.41 594.733
6.42 600.68
6.43 606.687
6.44 612.754
6.45 618.881
6.46 625.07
6.47 631.321
6.48 637.634
6.49 644.011
6.5 650.451
6.51 656.955
6.52 663.525
6.53 670.16
6.54 676.862
6.55 683.63
6.56 690.466
6.57 697.371
6.58 704.345
6.59 711.388
6.6 718.502
6.61 725.687
6.62 732.944
6.63 740.273
6.64 747.676
6.65 755.153
6.66 762.705
6.67 770.332
6.68 778.035
6.69 785.815
6.7 793.673
6.71 801.61
6.72 809.626
6.73 817.722
6.74 825.9
6.75 834.159
6.76 842.5
6.77 850.925
6.78 859.435
6.79 868.029
6.8 876.709
6.81 885.476
6.82 894.331
6.83 903.274
6.84 912.307
6.85 921.43
6.86 930.644
6.87 939.951
6.88 949.35
6.89 958.844
6.9 968.432
6.91 978.117
6.92 987.898
6.93 997.777
6.94 1007.75
6.95 1017.83
6.96 1028.01
6.97 1038.29
6.98 1048.67
6.99 1059.16
7 1069.75
7.01 1080.45
7.02 1091.25
7.03 1102.17
7.04 1113.19
7.05 1124.32
7.06 1135.56
7.07 1146.92
7.08 1158.39
7.09 1169.97
7.1 1181.67
7.11 1193.49
7.12 1205.42
7.13 1217.48
7.14 1229.65
7.15 1241.95
7.16 1254.37
7.17 1266.91
7.18 1279.58
7.19 1292.38
7.2 1305.3
7.21 1318.35
7.22 1331.54
7.23 1344.85
7.24 1358.3
7.25 1371.88
7.26 1385.6
7.27 1399.46
7.28 1413.45
7.29 1427.59
7.3 1441.86
7.31 1456.28
7.32 1470.85
7.33 1485.55
7.34 1500.41
7.35 1515.41
7.36 1530.57
7.37 1545.87
7.38 1561.33
7.39 1576.95
7.4 1592.71
7.41 1608.64
7.42 1624.73
7.43 1640.98
7.44 1657.39
7.45 1673.96
7.46 1690.7
7.47 1707.61
7.48 1724.68
7.49 1741.93
7.5 1759.35
7.51 1776.94
7.52 1794.71
7.53 1812.66
7.54 1830.78
7.55 1849.09
7.56 1867.58
7.57 1886.26
7.58 1905.12
7.59 1924.17
7.6 1943.41
7.61 1962.85
7.62 1982.48
7.63 2002.3
7.64 2022.32
7.65 2042.55
7.66 2062.97
7.67 2083.6
7.68 2104.44
7.69 2125.48
7.7 2146.74
7.71 2168.21
7.72 2189.89
7.73 2211.79
7.74 2233.9
7.75 2256.24
7.76 2278.81
7.77 2301.59
7.78 2324.61
7.79 2347.86
7.8 2371.34
7.81 2395.05
7.82 2419
7.83 2443.19
7.84 2467.62
7.85 2492.3
7.86 2517.22
7.87 2542.39
7.88 2567.82
7.89 2593.49
7.9 2619.43
7.91 2645.62
7.92 2672.08
7.93 2698.8
7.94 2725.79
7.95 2753.05
7.96 2780.58
7.97 2808.38
7.98 2836.47
7.99 2864.83
8 2893.48
8.01 2922.41
8.02 2951.64
8.03 2981.15
8.04 3010.97
8.05 3041.08
8.06 3071.49
8.07 3102.2
8.08 3133.22
8.09 3164.56
8.1 3196.2
8.11 3228.16
8.12 3260.45
8.13 3293.05
8.14 3325.98
8.15 3359.24
8.16 3392.83
8.17 3426.76
8.18 3461.03
8.19 3495.64
8.2 3530.59
8.21 3565.9
8.22 3601.56
8.23 3637.58
8.24 3673.95
8.25 3710.69
8.26 3747.8
8.27 3785.28
8.28 3823.13
8.29 3861.36
8.3 3899.97
8.31 3938.97
8.32 3978.36
8.33 4018.15
8.34 4058.33
8.35 4098.91
8.36 4139.9
8.37 4181.3
8.38 4223.11
8.39 4265.34
8.4 4308
8.41 4351.08
8.42 4394.59
8.43 4438.53
8.44 4482.92
8.45 4527.75
8.46 4573.03
8.47 4618.76
8.48 4664.94
8.49 4711.59
8.5 4758.71
8.51 4806.3
8.52 4854.36
8.53 4902.9
8.54 4951.93
8.55 5001.45
8.56 5051.46
8.57 5101.98
8.58 5153
8.59 5204.53
8.6 5256.57
8.61 5309.14
8.62 5362.23
8.63 5415.85
8.64 5470.01
8.65 5524.71
8.66 5579.96
8.67 5635.76
8.68 5692.12
8.69 5749.04
8.7 5806.53
8.71 5864.59
8.72 5923.24
8.73 5982.47
8.74 6042.3
8.75 6102.72
8.76 6163.75
8.77 6225.38
8.78 6287.64
8.79 6350.51
8.8 6414.02
8.81 6478.16
8.82 6542.94
8.83 6608.37
8.84 6674.45
8.85 6741.2
8.86 6808.61
8.87 6876.7
8.88 6945.46
8.89 7014.92
8.9 7085.07
8.91 7155.92
8.92 7227.48
8.93 7299.75
8.94 7372.75
8.95 7446.48
8.96 7520.94
8.97 7596.15
8.98 7672.11
8.99 7748.83
9 7826.32
9.01 7904.59
9.02 7983.63
9.03 8063.47
9.04 8144.1
9.05 8225.54
9.06 8307.8
9.07 8390.88
9.08 8474.79
9.09 8559.53
9.1 8645.13
9.11 8731.58
9.12 8818.9
9.13 8907.09
9.14 8996.16
9.15 9086.12
9.16 9176.98
9.17 9268.75
9.18 9361.44
9.19 9455.05
9.2 9549.6
9.21 9645.1
9.22 9741.55
9.23 9838.96
9.24 9937.35
9.25 10036.7
9.26 10137.1
9.27 10238.5
9.28 10340.9
9.29 10444.3
9.3 10548.7
9.31 10654.2
9.32 10760.7
9.33 10868.3
9.34 10977
9.35 11086.8
9.36 11197.7
9.37 11309.6
9.38 11422.7
9.39 11537
9.4 11652.3
9.41 11768.9
9.42 11886.5
9.43 12005.4
9.44 12125.5
9.45 12246.7
9.46 12369.2
9.47 12492.9
9.48 12617.8
9.49 12744
9.5 12871.4
9.51 13000.1
9.52 13130.1
9.53 13261.4
9.54 13394.1
9.55 13528
9.56 13663.3
9.57 13799.9
9.58 13937.9
9.59 14077.3
9.6 14218.1
9.61 14360.2
9.62 14503.8
9.63 14648.9
9.64 14795.4
9.65 14943.3
9.66 15092.8
9.67 15243.7
9.68 15396.1
9.69 15550.1
9.7 15705.6
9.71 15862.6
9.72 16021.3
9.73 16181.5
9.74 16343.3
9.75 16506.7
9.76 16671.8
9.77 16838.5
9.78 17006.9
9.79 17177
9.8 17348.7
9.81 17522.2
9.82 17697.4
9.83 17874.4
9.84 18053.2
9.85 18233.7
9.86 18416
9.87 18600.2
9.88 18786.2
9.89 18974.1
9.9 19163.8
9.91 19355.4
9.92 19549
9.93 19744.5
9.94 19941.9
9.95 20141.3
9.96 20342.7
9.97 20546.2
9.98 20751.6
9.99 20959.2
10 21168.7

