0 1.05
0.05 1.1025
0.1 1.15763
0.15 1.21551
0.2 1.27628
0.25 1.3401
0.3 1.4071
0.35 1.47746
0.4 1.55133
0.45 1.62889
0.5 1.71034
0.55 1.79586
0.6 1.88565
0.65 1.97993
0.7 2.07893
0.75 2.18287
0.8 2.29202
0.85 2.40662
0.9 2.52695
0.95 2.6533
1 2.78596
1.05 2.92526
1.1 3.07152
1.15 3.2251
1.2 3.38635
1.25 3.55567
1.3 3.73346
1.35 3.92013
1.4 4.11614
1.45 4.32194
1.5 4.53804
1.55 4.76494
1.6 5.00319
1.65 5.25335
1.7 5.51602
1.75 5.79182
1.8 6.08141
1.85 6.38548
1.9 6.70475
1.95 7.03999
2 7.39199
2.05 7.76159
2.1 8.14967
2.15 8.55715
2.2 8.98501
2.25 9.43426
2.3 9.90597
2.35 10.4013
2.4 10.9213
2.45 11.4674
2.5 12.0408
2.55 12.6428
2.6 13.2749
2.65 13.9387
2.7 14.6356
2.75 15.3674
2.8 16.1358
2.85 16.9426
2.9 17.7897
2.95 18.6792
3 19.6131
3.05 20.5938
3.1 21.6235
3.15 22.7047
3.2 23.8399
3.25 25.0319
3.3 26.2835
3.35 27.5977
3.4 28.9775
3.45 30.4264
3.5 31.9477
3.55 33.5451
3.6 35.2224
3.65 36.9835
3.7 38.8327
3.75 40.7743
3.8 42.813
3.85 44.9537
3.9 47.2014
3.95 49.5614
4 52.0395
4.05 54.6415
4.1 57.3736
4.15 60.2422
4.2 63.2544
4.25 66.4171
4.3 69.7379
4.35 73.2248
4.4 76.8861
4.45 80.7304
4.5 84.7669
4.55 89.0052
4.6 93.4555
4.65 98.1283
4.7 103.035
4.75 108.186
4.8 113.596
4.85 119.276
4.9 125.239
4.95 131.501
5 138.076
5.05 144.98
5.1 152.229
5.15 159.841
5.2 167.833
5.25 176.224
5.3 185.035
5.35 194.287
5.4 204.002
5.45 214.202
5.5 224.912
5.55 236.157
5.6 247.965
5.65 260.363
5.7 273.382
5.75 287.051
5.8 301.403
5.85 316.473
5.9 332.297
5.95 348.912
6 366.358
6.05 384.675
6.1 403.909
6.15 424.105
6.2 445.31
6.25 467.575
6.3 490.954
6.35 515.502
6.4 541.277
6.45 568.341
6.5 596.758
6.55 626.596
6.6 657.926
6.65 690.822
6.7 725.363
6.75 761.631
6.8 799.713
6.85 839.698
6.9 881.683
6.95 925.767
7 972.056
7.05 1020.66
7.1 1071.69
7.15 1125.28
7.2 1181.54
7.25 1240.62
7.3 1302.65
7.35 1367.78
7.4 1436.17
7.45 1507.98
7.5 1583.38
7.55 1662.55
7.6 1745.67
7.65 1832.96
7.7 1924.6
7.75 2020.83
7.8 2121.88
7.85 2227.97
7.9 2339.37
7.95 2456.34
8 2579.15
8.05 2708.11
8.1 2843.52
8.15 2985.69
8.2 3134.98
8.25 3291.73
8.3 3456.31
8.35 3629.13
8.4 3810.58
8.45 4001.11
8.5 4201.17
8.55 4411.23
8.6 4631.79
8.65 4863.38
8.7 5106.55
8.75 5361.87
8.8 5629.97
8.85 5911.47
8.9 6207.04
8.95 6517.39
9 6843.26
9.05 7185.42
9.1 7544.7
9.15 7921.93
9.2 8318.03
9.25 8733.93
9.3 9170.62
9.35 9629.16
9.4 10110.6
9.45 10616.1
9.5 11147
9.55 11704.3
9.6 12289.5
9.65 12904
9.7 13549.2
9.75 14226.6
9.8 14938
9.85 15684.9
9.9 16469.1
9.95 17292.6

