0 100 10
1 110 19.5
2 110.55 39.975
3 88.4676 82.1686
4 33.4685 150.753
5 0 193.67
6 0 183.986
7 0 174.787
8 0 166.048
9 0 157.745
10 0 149.858
11 0 142.365
12 0 135.247
13 0 128.485
14 0 122.06
15 0 115.957
16 0 110.159
17 0 104.651
18 0 99.4189
19 0 94.448
20 0 89.7256
21 0 85.2393
22 0 80.9773
23 0 76.9285
24 0 73.082
25 0 69.4279
26 0 65.9565
27 0 62.6587
28 0 59.5258
29 0 56.5495
30 0 53.722
31 0 51.0359
32 0 48.4841
33 0 46.0599
34 0 43.7569
35 0 41.5691
36 0 39.4906
37 0 37.5161
38 0 35.6403
39 0 33.8583
40 0 32.1654
41 0 30.5571
42 0 29.0292
43 0 27.5778
44 0 26.1989
45 0 24.8889
46 0 23.6445
47 0 22.4623
48 0 21.3392
49 0 20.2722
50 0 19.2586
51 0 18.2957
52 0 17.3809
53 0 16.5118
54 0 15.6862
55 0 14.9019
56 0 14.1568
57 0 13.449
58 0 12.7765
59 0 12.1377
60 0 11.5308
61 0 10.9543
62 0 10.4066
63 0 9.88624
64 0 9.39193
65 0 8.92233
66 0 8.47622
67 0 8.05241
68 0 7.64979
69 0 7.2673
70 0 6.90393
71 0 6.55874
72 0 6.2308
73 0 5.91926
74 0 5.6233
75 0 5.34213
76 0 5.07502
77 0 4.82127
78 0 4.58021
79 0 4.3512
80 0 4.13364
81 0 3.92696
82 0 3.73061
83 0 3.54408
84 0 3.36688
85 0 3.19853
86 0 3.0386
87 0 2.88667
88 0 2.74234
89 0 2.60522
90 0 2.47496
91 0 2.35121
92 0 2.23365
93 0 2.12197
94 0 2.01587
95 0 1.91508
96 0 1.81932
97 0 1.72836
98 0 1.64194
99 0 1.55984
