Input the number of nodes. -> 3
Input J[0][0] -> 3
Input J[0][1] -> -1
Input J[0][2] -> -1
Input J[1][0] -> -1
Input J[1][1] -> 1
Input J[1][2] -> 0
Input J[2][0] -> 2
Input J[2][1] -> 0
Input J[2][2] -> 0
Input the initial x[0] -> 5
Input the initial x[1] -> 5
Input the initial x[2] -> 0
Input the theta -> 0
Input the kp -> 10
Input the reflection -> 0.1
Input the time to end -> 3000
0 5 5 0 
0.01 5.005 4.995 0.01 
0.02 5.01001 4.99 0.02 
0.03 5.01502 4.98498 0.03 
0.04 5.02003 4.97997 0.04 
0.05 5.02505 4.97495 0.0500001 
0.06 5.03008 4.96992 0.0600002 
0.07 5.03511 4.96489 0.0700004 
0.08 5.04014 4.95986 0.0800006 
0.09 5.04518 4.95482 0.0900008 
0.1 5.05023 4.94977 0.100001 
0.11 5.05528 4.94472 0.110002 
0.12 5.06033 4.93967 0.120002 
0.13 5.06539 4.93461 0.130003 
0.14 5.07046 4.92954 0.140004 
0.15 5.07553 4.92447 0.150005 
0.16 5.08061 4.9194 0.160006 
0.17 5.08569 4.91432 0.170007 
0.18 5.09078 4.90923 0.180008 
0.19 5.09587 4.90414 0.19001 
0.2 5.10097 4.89904 0.200011 
0.21 5.10607 4.89394 0.210013 
0.22 5.11118 4.88884 0.220016 
0.23 5.11629 4.88373 0.230018 
0.24 5.12141 4.87861 0.24002 
0.25 5.12653 4.87349 0.250023 
0.26 5.13166 4.86836 0.260026 
0.27 5.1368 4.86323 0.27003 
0.28 5.14194 4.85809 0.280033 
0.29 5.14709 4.85295 0.290037 
0.3 5.15224 4.8478 0.300041 
0.31 5.15739 4.84265 0.310046 
0.32 5.16256 4.83749 0.32005 
0.33 5.16772 4.83233 0.330055 
0.34 5.1729 4.82716 0.340061 
0.35 5.17807 4.82199 0.350067 
0.36 5.18326 4.81681 0.360073 
0.37 5.18845 4.81163 0.370079 
0.38 5.19364 4.80644 0.380086 
0.39 5.19884 4.80125 0.390093 
0.4 5.20405 4.79605 0.400101 
0.41 5.20926 4.79085 0.410109 
0.42 5.21448 4.78564 0.420117 
0.43 5.2197 4.78042 0.430126 
0.44 5.22493 4.7752 0.440135 
0.45 5.23017 4.76998 0.450145 
0.46 5.23541 4.76475 0.460155 
0.47 5.24065 4.75951 0.470166 
0.48 5.2459 4.75427 0.480177 
0.49 5.25116 4.74902 0.490189 
0.5 5.25642 4.74377 0.500201 
0.51 5.26169 4.73852 0.510213 
0.52 5.26697 4.73326 0.520226 
0.53 5.27225 4.72799 0.53024 
0.54 5.27754 4.72272 0.540254 
0.55 5.28283 4.71744 0.550269 
0.56 5.28813 4.71216 0.560285 
0.57 5.29343 4.70687 0.570301 
0.58 5.29874 4.70157 0.580317 
0.59 5.30405 4.69628 0.590334 
0.6 5.30938 4.69097 0.600352 
0.61 5.3147 4.68566 0.610371 
0.62 5.32004 4.68035 0.62039 
0.63 5.32538 4.67503 0.630409 
0.64 5.33072 4.6697 0.64043 
0.65 5.33607 4.66437 0.650451 
0.66 5.34143 4.65904 0.660472 
0.67 5.34679 4.65369 0.670495 
0.68 5.35216 4.64835 0.680518 
0.69 5.35754 4.64299 0.690542 
0.7 5.36292 4.63764 0.700566 
0.71 5.36831 4.63227 0.710591 
0.72 5.3737 4.62691 0.720617 
0.73 5.3791 4.62153 0.730644 
0.74 5.38451 4.61615 0.740672 
0.75 5.38992 4.61077 0.7507 
0.76 5.39534 4.60538 0.760729 
0.77 5.40076 4.59998 0.770759 
0.78 5.40619 4.59458 0.78079 
0.79 5.41163 4.58918 0.790822 
0.8 5.41707 4.58376 0.800854 
0.81 5.42252 4.57835 0.810887 
0.82 5.42798 4.57293 0.820921 
0.83 5.43344 4.5675 0.830956 
0.84 5.43891 4.56206 0.840992 
0.85 5.44438 4.55662 0.851029 
0.86 5.44986 4.55118 0.861067 
0.87 5.45535 4.54573 0.871106 
0.88 5.46085 4.54028 0.881145 
0.89 5.46635 4.53481 0.891186 
0.9 5.47185 4.52935 0.901227 
0.91 5.47737 4.52388 0.91127 
0.92 5.48289 4.5184 0.921313 
0.93 5.48841 4.51292 0.931358 
0.94 5.49394 4.50743 0.941403 
0.95 5.49948 4.50193 0.95145 
0.96 5.50503 4.49643 0.961497 
0.97 5.51058 4.49093 0.971546 
0.98 5.51614 4.48542 0.981595 
0.99 5.52171 4.4799 0.991646 
1 5.52728 4.47438 1.0017 
1.01 5.53286 4.46885 1.01175 
1.02 5.53844 4.46332 1.0218 
1.03 5.54403 4.45778 1.03186 
1.04 5.54963 4.45224 1.04192 
1.05 5.55524 4.44669 1.05197 
1.06 5.56085 4.44113 1.06203 
1.07 5.56647 4.43557 1.07209 
1.08 5.57209 4.43001 1.08215 
1.09 5.57772 4.42443 1.09221 
1.1 5.58336 4.41886 1.10228 
1.11 5.58901 4.41327 1.11234 
1.12 5.59466 4.40768 1.12241 
1.13 5.60032 4.40209 1.13247 
1.14 5.60599 4.39649 1.14254 
1.15 5.61166 4.39088 1.15261 
1.16 5.61734 4.38527 1.16268 
1.17 5.62303 4.37965 1.17275 
1.18 5.62872 4.37403 1.18283 
1.19 5.63442 4.3684 1.1929 
1.2 5.64013 4.36277 1.20298 
1.21 5.64584 4.35713 1.21306 
1.22 5.65156 4.35148 1.22313 
1.23 5.65729 4.34583 1.23321 
1.24 5.66303 4.34017 1.2433 
1.25 5.66877 4.33451 1.25338 
1.26 5.67452 4.32884 1.26346 
1.27 5.68028 4.32317 1.27355 
1.28 5.68604 4.31749 1.28364 
1.29 5.69181 4.3118 1.29372 
1.3 5.69759 4.30611 1.30381 
1.31 5.70337 4.30041 1.31391 
1.32 5.70917 4.29471 1.324 
1.33 5.71497 4.289 1.33409 
1.34 5.72077 4.28328 1.34419 
1.35 5.72659 4.27756 1.35429 
1.36 5.73241 4.27184 1.36438 
1.37 5.73824 4.2661 1.37448 
1.38 5.74407 4.26037 1.38459 
1.39 5.74992 4.25462 1.39469 
1.4 5.75577 4.24887 1.4048 
1.41 5.76162 4.24312 1.4149 
1.42 5.76749 4.23735 1.42501 
1.43 5.77336 4.23159 1.43512 
1.44 5.77924 4.22581 1.44523 
1.45 5.78513 4.22003 1.45535 
1.46 5.79102 4.21425 1.46546 
1.47 5.79693 4.20846 1.47558 
1.48 5.80284 4.20266 1.4857 
1.49 5.80875 4.19686 1.49582 
1.5 5.81468 4.19105 1.50594 
1.51 5.82061 4.18523 1.51606 
1.52 5.82655 4.17941 1.52619 
1.53 5.8325 4.17359 1.53631 
1.54 5.83845 4.16775 1.54644 
1.55 5.84442 4.16192 1.55657 
1.56 5.85039 4.15607 1.5667 
1.57 5.85636 4.15022 1.57684 
1.58 5.86235 4.14437 1.58697 
1.59 5.86834 4.1385 1.59711 
1.6 5.87434 4.13263 1.60725 
1.61 5.88035 4.12676 1.61739 
1.62 5.88637 4.12088 1.62754 
1.63 5.89239 4.11499 1.63768 
1.64 5.89843 4.1091 1.64783 
1.65 5.90447 4.1032 1.65798 
1.66 5.91051 4.0973 1.66813 
1.67 5.91657 4.09139 1.67828 
1.68 5.92263 4.08547 1.68844 
1.69 5.9287 4.07955 1.69859 
1.7 5.93478 4.07362 1.70875 
1.71 5.94087 4.06768 1.71891 
1.72 5.94697 4.06174 1.72908 
1.73 5.95307 4.0558 1.73924 
1.74 5.95918 4.04984 1.74941 
1.75 5.9653 4.04388 1.75958 
1.76 5.97143 4.03792 1.76975 
1.77 5.97756 4.03195 1.77992 
1.78 5.98371 4.02597 1.7901 
1.79 5.98986 4.01999 1.80027 
1.8 5.99602 4.014 1.81045 
1.81 6.00218 4.008 1.82063 
1.82 6.00836 4.002 1.83082 
1.83 6.01454 3.99599 1.841 
1.84 6.02074 3.98998 1.85119 
1.85 6.02694 3.98396 1.86138 
1.86 6.03314 3.97793 1.87157 
1.87 6.03936 3.9719 1.88177 
1.88 6.04559 3.96586 1.89197 
1.89 6.05182 3.95981 1.90216 
1.9 6.05806 3.95376 1.91237 
1.91 6.06431 3.9477 1.92257 
1.92 6.07057 3.94164 1.93278 
1.93 6.07684 3.93557 1.94298 
1.94 6.08311 3.92949 1.9532 
1.95 6.08939 3.92341 1.96341 
1.96 6.09569 3.91732 1.97362 
1.97 6.10199 3.91122 1.98384 
1.98 6.1083 3.90512 1.99406 
1.99 6.11461 3.89901 2.00428 
2 6.12094 3.8929 2.01451 
2.01 6.12727 3.88677 2.02474 
2.02 6.13362 3.88065 2.03497 
2.03 6.13997 3.87451 2.0452 
2.04 6.14633 3.86837 2.05543 
2.05 6.1527 3.86223 2.06567 
2.06 6.15908 3.85607 2.07591 
2.07 6.16546 3.84992 2.08615 
2.08 6.17186 3.84375 2.0964 
2.09 6.17826 3.83758 2.10664 
2.1 6.18467 3.8314 2.11689 
2.11 6.19109 3.82522 2.12715 
2.12 6.19752 3.81902 2.1374 
2.13 6.20396 3.81283 2.14766 
2.14 6.21041 3.80662 2.15792 
2.15 6.21687 3.80041 2.16818 
2.16 6.22333 3.7942 2.17845 
2.17 6.2298 3.78797 2.18872 
2.18 6.23629 3.78174 2.19899 
2.19 6.24278 3.77551 2.20926 
2.2 6.24928 3.76926 2.21954 
2.21 6.25579 3.76301 2.22982 
2.22 6.26231 3.75676 2.2401 
2.23 6.26884 3.7505 2.25038 
2.24 6.27537 3.74423 2.26067 
2.25 6.28192 3.73795 2.27096 
2.26 6.28847 3.73167 2.28125 
2.27 6.29504 3.72538 2.29155 
2.28 6.30161 3.71909 2.30185 
2.29 6.30819 3.71278 2.31215 
2.3 6.31478 3.70648 2.32245 
2.31 6.32139 3.70016 2.33276 
2.32 6.328 3.69384 2.34307 
2.33 6.33461 3.68751 2.35338 
2.34 6.34124 3.68118 2.3637 
2.35 6.34788 3.67484 2.37402 
2.36 6.35453 3.66849 2.38434 
2.37 6.36118 3.66213 2.39466 
2.38 6.36785 3.65577 2.40499 
2.39 6.37452 3.6494 2.41532 
2.4 6.38121 3.64303 2.42566 
2.41 6.3879 3.63665 2.43599 
2.42 6.39461 3.63026 2.44633 
2.43 6.40132 3.62387 2.45668 
2.44 6.40804 3.61747 2.46702 
2.45 6.41477 3.61106 2.47737 
2.46 6.42151 3.60464 2.48772 
2.47 6.42826 3.59822 2.49808 
2.48 6.43502 3.59179 2.50844 
2.49 6.44179 3.58536 2.5188 
2.5 6.44857 3.57892 2.52916 
2.51 6.45536 3.57247 2.53953 
2.52 6.46216 3.56601 2.5499 
2.53 6.46897 3.55955 2.56028 
2.54 6.47579 3.55308 2.57065 
2.55 6.48261 3.54661 2.58103 
2.56 6.48945 3.54012 2.59142 
2.57 6.4963 3.53363 2.60181 
2.58 6.50316 3.52714 2.6122 
2.59 6.51002 3.52063 2.62259 
2.6 6.5169 3.51412 2.63299 
2.61 6.52379 3.50761 2.64339 
2.62 6.53068 3.50108 2.65379 
2.63 6.53759 3.49455 2.6642 
2.64 6.54451 3.48801 2.67461 
2.65 6.55143 3.48147 2.68503 
2.66 6.55837 3.47492 2.69544 
2.67 6.56532 3.46836 2.70587 
2.68 6.57227 3.46179 2.71629 
2.69 6.57924 3.45522 2.72672 
2.7 6.58622 3.44864 2.73715 
2.71 6.5932 3.44206 2.74759 
2.72 6.6002 3.43546 2.75802 
2.73 6.60721 3.42886 2.76847 
2.74 6.61422 3.42226 2.77891 
2.75 6.62125 3.41564 2.78936 
2.76 6.62829 3.40902 2.79982 
2.77 6.63534 3.40239 2.81027 
2.78 6.64239 3.39576 2.82073 
2.79 6.64946 3.38912 2.8312 
2.8 6.65654 3.38247 2.84166 
2.81 6.66363 3.37581 2.85214 
2.82 6.67073 3.36915 2.86261 
2.83 6.67784 3.36247 2.87309 
2.84 6.68496 3.3558 2.88357 
2.85 6.69209 3.34911 2.89406 
2.86 6.69923 3.34242 2.90455 
2.87 6.70638 3.33572 2.91504 
2.88 6.71354 3.32901 2.92554 
2.89 6.72072 3.3223 2.93604 
2.9 6.7279 3.31558 2.94655 
2.91 6.73509 3.30885 2.95706 
2.92 6.7423 3.30212 2.96757 
2.93 6.74951 3.29537 2.97809 
2.94 6.75674 3.28863 2.98861 
2.95 6.76397 3.28187 2.99913 
2.96 6.77122 3.2751 3.00966 
2.97 6.77848 3.26833 3.02019 
2.98 6.78575 3.26155 3.03073 
2.99 6.79303 3.25477 3.04127 
3 6.80032 3.24798 3.05182 
3.01 6.80762 3.24118 3.06237 
3.02 6.81493 3.23437 3.07292 
3.03 6.82225 3.22755 3.08348 
3.04 6.82958 3.22073 3.09404 
3.05 6.83693 3.2139 3.1046 
3.06 6.84428 3.20706 3.11517 
3.07 6.85165 3.20022 3.12574 
3.08 6.85903 3.19337 3.13632 
3.09 6.86642 3.18651 3.1469 
3.1 6.87382 3.17964 3.15749 
3.11 6.88123 3.17277 3.16808 
3.12 6.88865 3.16589 3.17867 
3.13 6.89608 3.159 3.18927 
3.14 6.90352 3.1521 3.19988 
3.15 6.91098 3.1452 3.21048 
3.16 6.91845 3.13829 3.22109 
3.17 6.92592 3.13137 3.23171 
3.18 6.93341 3.12444 3.24233 
3.19 6.94091 3.11751 3.25295 
3.2 6.94842 3.11057 3.26358 
3.21 6.95595 3.10362 3.27422 
3.22 6.96348 3.09667 3.28485 
3.23 6.97103 3.0897 3.2955 
3.24 6.97858 3.08273 3.30614 
3.25 6.98615 3.07575 3.31679 
3.26 6.99373 3.06877 3.32745 
3.27 7.00132 3.06177 3.33811 
3.28 7.00892 3.05477 3.34877 
3.29 7.01654 3.04776 3.35944 
3.3 7.02416 3.04075 3.37012 
3.31 7.0318 3.03372 3.3808 
3.32 7.03945 3.02669 3.39148 
3.33 7.04711 3.01965 3.40217 
3.34 7.05478 3.0126 3.41286 
3.35 7.06247 3.00555 3.42355 
3.36 7.07016 2.99849 3.43426 
3.37 7.07787 2.99142 3.44496 
3.38 7.08559 2.98434 3.45567 
3.39 7.09332 2.97725 3.46639 
3.4 7.10107 2.97016 3.47711 
3.41 7.10882 2.96306 3.48783 
3.42 7.11659 2.95595 3.49856 
3.43 7.12437 2.94883 3.5093 
3.44 7.13216 2.94171 3.52004 
3.45 7.13996 2.93458 3.53078 
3.46 7.14777 2.92744 3.54153 
3.47 7.1556 2.92029 3.55228 
3.48 7.16344 2.91313 3.56304 
3.49 7.17129 2.90597 3.57381 
3.5 7.17915 2.8988 3.58458 
3.51 7.18703 2.89162 3.59535 
3.52 7.19491 2.88443 3.60613 
3.53 7.20281 2.87724 3.61691 
3.54 7.21073 2.87003 3.6277 
3.55 7.21865 2.86282 3.63849 
3.56 7.22658 2.8556 3.64929 
3.57 7.23453 2.84838 3.6601 
3.58 7.24249 2.84114 3.67091 
3.59 7.25047 2.8339 3.68172 
3.6 7.25845 2.82665 3.69254 
3.61 7.26645 2.81939 3.70336 
3.62 7.27446 2.81213 3.71419 
3.63 7.28248 2.80485 3.72503 
3.64 7.29052 2.79757 3.73587 
3.65 7.29857 2.79028 3.74671 
3.66 7.30663 2.78298 3.75756 
3.67 7.3147 2.77567 3.76842 
3.68 7.32278 2.76836 3.77928 
3.69 7.33088 2.76104 3.79015 
3.7 7.33899 2.7537 3.80102 
3.71 7.34711 2.74637 3.8119 
3.72 7.35525 2.73902 3.82278 
3.73 7.3634 2.73166 3.83367 
3.74 7.37156 2.7243 3.84456 
3.75 7.37974 2.71693 3.85546 
3.76 7.38792 2.70955 3.86636 
3.77 7.39612 2.70216 3.87727 
3.78 7.40434 2.69476 3.88819 
3.79 7.41256 2.68736 3.89911 
3.8 7.4208 2.67995 3.91003 
3.81 7.42905 2.67253 3.92096 
3.82 7.43732 2.6651 3.9319 
3.83 7.44559 2.65766 3.94284 
3.84 7.45388 2.65022 3.95379 
3.85 7.46219 2.64276 3.96475 
3.86 7.4705 2.6353 3.97571 
3.87 7.47883 2.62783 3.98667 
3.88 7.48718 2.62035 3.99764 
3.89 7.49553 2.61286 4.00862 
3.9 7.5039 2.60537 4.0196 
3.91 7.51229 2.59786 4.03059 
3.92 7.52068 2.59035 4.04158 
3.93 7.52909 2.58283 4.05258 
3.94 7.53752 2.5753 4.06359 
3.95 7.54595 2.56776 4.0746 
3.96 7.5544 2.56022 4.08562 
3.97 7.56286 2.55266 4.09664 
3.98 7.57134 2.5451 4.10767 
3.99 7.57983 2.53753 4.1187 
4 7.58833 2.52995 4.12975 
4.01 7.59685 2.52236 4.14079 
4.02 7.60538 2.51476 4.15185 
4.03 7.61393 2.50716 4.1629 
4.04 7.62248 2.49954 4.17397 
4.05 7.63105 2.49192 4.18504 
4.06 7.63964 2.48429 4.19612 
4.07 7.64824 2.47665 4.2072 
4.08 7.65685 2.469 4.21829 
4.09 7.66548 2.46135 4.22938 
4.1 7.67412 2.45368 4.24049 
4.11 7.68277 2.44601 4.25159 
4.12 7.69144 2.43832 4.26271 
4.13 7.70012 2.43063 4.27383 
4.14 7.70882 2.42293 4.28495 
4.15 7.71753 2.41522 4.29609 
4.16 7.72625 2.40751 4.30723 
4.17 7.73499 2.39978 4.31837 
4.18 7.74374 2.39204 4.32952 
4.19 7.75251 2.3843 4.34068 
4.2 7.76129 2.37655 4.35185 
4.21 7.77008 2.36879 4.36302 
4.22 7.77889 2.36102 4.37419 
4.23 7.78771 2.35324 4.38538 
4.24 7.79655 2.34545 4.39657 
4.25 7.8054 2.33765 4.40776 
4.26 7.81426 2.32985 4.41897 
4.27 7.82314 2.32203 4.43018 
4.28 7.83204 2.31421 4.44139 
4.29 7.84095 2.30638 4.45261 
4.3 7.84987 2.29854 4.46384 
4.31 7.85881 2.29069 4.47508 
4.32 7.86776 2.28283 4.48632 
4.33 7.87673 2.27496 4.49757 
4.34 7.88571 2.26709 4.50883 
4.35 7.8947 2.2592 4.52009 
4.36 7.90371 2.2513 4.53136 
4.37 7.91274 2.2434 4.54264 
4.38 7.92178 2.23549 4.55392 
4.39 7.93083 2.22757 4.56521 
4.4 7.9399 2.21964 4.5765 
4.41 7.94898 2.2117 4.58781 
4.42 7.95808 2.20375 4.59912 
4.43 7.96719 2.19579 4.61044 
4.44 7.97632 2.18782 4.62176 
4.45 7.98547 2.17985 4.63309 
4.46 7.99462 2.17186 4.64443 
4.47 8.0038 2.16387 4.65577 
4.48 8.01298 2.15586 4.66712 
4.49 8.02219 2.14785 4.67848 
4.5 8.03141 2.13983 4.68985 
4.51 8.04064 2.13179 4.70122 
4.52 8.04989 2.12375 4.7126 
4.53 8.05915 2.1157 4.72399 
4.54 8.06843 2.10765 4.73538 
4.55 8.07772 2.09958 4.74679 
4.56 8.08703 2.0915 4.75819 
4.57 8.09636 2.08341 4.76961 
4.58 8.1057 2.07532 4.78103 
4.59 8.11505 2.06721 4.79246 
4.6 8.12442 2.05909 4.8039 
4.61 8.13381 2.05097 4.81535 
4.62 8.14321 2.04284 4.8268 
4.63 8.15263 2.03469 4.83826 
4.64 8.16206 2.02654 4.84972 
4.65 8.17151 2.01838 4.8612 
4.66 8.18097 2.01021 4.87268 
4.67 8.19045 2.00203 4.88417 
4.68 8.19994 1.99384 4.89567 
4.69 8.20945 1.98564 4.90717 
4.7 8.21898 1.97743 4.91868 
4.71 8.22852 1.96921 4.9302 
4.72 8.23808 1.96098 4.94173 
4.73 8.24765 1.95274 4.95326 
4.74 8.25724 1.94449 4.96481 
4.75 8.26685 1.93624 4.97636 
4.76 8.27647 1.92797 4.98791 
4.77 8.28611 1.91969 4.99948 
4.78 8.29576 1.91141 5.01105 
4.79 8.30543 1.90311 5.02263 
4.8 8.31511 1.89481 5.03422 
4.81 8.32481 1.88649 5.04581 
4.82 8.33453 1.87817 5.05742 
4.83 8.34426 1.86983 5.06903 
4.84 8.35401 1.86149 5.08065 
4.85 8.36378 1.85313 5.09228 
4.86 8.37356 1.84477 5.10391 
4.87 8.38336 1.8364 5.11556 
4.88 8.39318 1.82801 5.12721 
4.89 8.40301 1.81962 5.13887 
4.9 8.41285 1.81122 5.15053 
4.91 8.42272 1.8028 5.16221 
4.92 8.4326 1.79438 5.17389 
4.93 8.4425 1.78595 5.18558 
4.94 8.45241 1.7775 5.19728 
4.95 8.46234 1.76905 5.20899 
4.96 8.47229 1.76059 5.22071 
4.97 8.48225 1.75212 5.23243 
4.98 8.49223 1.74364 5.24416 
4.99 8.50223 1.73514 5.2559 
5 8.51224 1.72664 5.26765 
5.01 8.52227 1.71813 5.27941 
5.02 8.53232 1.70961 5.29117 
5.03 8.54238 1.70107 5.30295 
5.04 8.55246 1.69253 5.31473 
5.05 8.56256 1.68398 5.32652 
5.06 8.57267 1.67542 5.33832 
5.07 8.5828 1.66684 5.35012 
5.08 8.59295 1.65826 5.36194 
5.09 8.60312 1.64967 5.37376 
5.1 8.6133 1.64107 5.3856 
5.11 8.6235 1.63245 5.39744 
5.12 8.63372 1.62383 5.40929 
5.13 8.64395 1.61519 5.42114 
5.14 8.6542 1.60655 5.43301 
5.15 8.66447 1.5979 5.44489 
5.16 8.67476 1.58923 5.45677 
5.17 8.68506 1.58056 5.46866 
5.18 8.69538 1.57187 5.48056 
5.19 8.70572 1.56318 5.49247 
5.2 8.71608 1.55447 5.50439 
5.21 8.72645 1.54576 5.51632 
5.22 8.73684 1.53703 5.52826 
5.23 8.74725 1.52829 5.5402 
5.24 8.75768 1.51954 5.55216 
5.25 8.76812 1.51079 5.56412 
5.26 8.77858 1.50202 5.57609 
5.27 8.78906 1.49324 5.58807 
5.28 8.79956 1.48445 5.60006 
5.29 8.81007 1.47565 5.61206 
5.3 8.8206 1.46684 5.62407 
5.31 8.83115 1.45802 5.63609 
5.32 8.84172 1.44919 5.64811 
5.33 8.85231 1.44035 5.66015 
5.34 8.86291 1.4315 5.67219 
5.35 8.87354 1.42263 5.68425 
5.36 8.88418 1.41376 5.69631 
5.37 8.89483 1.40488 5.70838 
5.38 8.90551 1.39598 5.72046 
5.39 8.9162 1.38707 5.73255 
5.4 8.92692 1.37816 5.74465 
5.41 8.93765 1.36923 5.75676 
5.42 8.9484 1.36029 5.76888 
5.43 8.95917 1.35135 5.78101 
5.44 8.96995 1.34239 5.79315 
5.45 8.98076 1.33342 5.80529 
5.46 8.99158 1.32444 5.81745 
5.47 9.00242 1.31544 5.82962 
5.48 9.01328 1.30644 5.84179 
5.49 9.02416 1.29743 5.85398 
5.5 9.03505 1.2884 5.86617 
5.51 9.04597 1.27937 5.87837 
5.52 9.0569 1.27032 5.89059 
5.53 9.06786 1.26127 5.90281 
5.54 9.07883 1.2522 5.91504 
5.55 9.08982 1.24312 5.92729 
5.56 9.10083 1.23403 5.93954 
5.57 9.11186 1.22493 5.9518 
5.58 9.1229 1.21582 5.96407 
5.59 9.13397 1.20669 5.97635 
5.6 9.14505 1.19756 5.98865 
5.61 9.15616 1.18842 6.00095 
5.62 9.16728 1.17926 6.01326 
5.63 9.17842 1.17009 6.02558 
5.64 9.18958 1.16091 6.03791 
5.65 9.20076 1.15172 6.05025 
5.66 9.21196 1.14252 6.0626 
5.67 9.22318 1.13331 6.07497 
5.68 9.23442 1.12409 6.08734 
5.69 9.24568 1.11485 6.09972 
5.7 9.25696 1.10561 6.11211 
5.71 9.26825 1.09635 6.12451 
5.72 9.27957 1.08708 6.13692 
5.73 9.2909 1.0778 6.14935 
5.74 9.30226 1.06851 6.16178 
5.75 9.31363 1.05921 6.17422 
5.76 9.32503 1.0499 6.18667 
5.77 9.33644 1.04057 6.19914 
5.78 9.34787 1.03123 6.21161 
5.79 9.35932 1.02189 6.2241 
5.8 9.3708 1.01253 6.23659 
5.81 9.38229 1.00316 6.2491 
5.82 9.3938 0.993775 6.26161 
5.83 9.40533 0.984381 6.27414 
5.84 9.41689 0.974976 6.28667 
5.85 9.42846 0.965559 6.29922 
5.86 9.44005 0.95613 6.31178 
5.87 9.45166 0.94669 6.32435 
5.88 9.4633 0.937238 6.33693 
5.89 9.47495 0.927775 6.34952 
5.9 9.48662 0.9183 6.36212 
5.91 9.49831 0.908814 6.37473 
5.92 9.51003 0.899315 6.38735 
5.93 9.52176 0.889805 6.39998 
5.94 9.53351 0.880283 6.41262 
5.95 9.54529 0.87075 6.42528 
5.96 9.55708 0.861205 6.43794 
5.97 9.5689 0.851648 6.45062 
5.98 9.58073 0.842079 6.46331 
5.99 9.59259 0.832498 6.47601 
6 9.60447 0.822905 6.48872 
6.01 9.61636 0.813301 6.50144 
6.02 9.62828 0.803685 6.51417 
6.03 9.64022 0.794056 6.52691 
6.04 9.65218 0.784416 6.53966 
6.05 9.66416 0.774764 6.55243 
6.06 9.67616 0.7651 6.5652 
6.07 9.68818 0.755424 6.57799 
6.08 9.70023 0.745735 6.59079 
6.09 9.71229 0.736035 6.6036 
6.1 9.72437 0.726323 6.61642 
6.11 9.73648 0.716598 6.62925 
6.12 9.74861 0.706862 6.6421 
6.13 9.76076 0.697113 6.65495 
6.14 9.77292 0.687353 6.66782 
6.15 9.78512 0.67758 6.6807 
6.16 9.79733 0.667795 6.69358 
6.17 9.80956 0.657997 6.70649 
6.18 9.82182 0.648188 6.7194 
6.19 9.83409 0.638366 6.73232 
6.2 9.84639 0.628532 6.74526 
6.21 9.85871 0.618685 6.75821 
6.22 9.87105 0.608827 6.77117 
6.23 9.88341 0.598956 6.78414 
6.24 9.89579 0.589072 6.79712 
6.25 9.9082 0.579176 6.81011 
6.26 9.92063 0.569268 6.82312 
6.27 9.93308 0.559348 6.83614 
6.28 9.94555 0.549415 6.84917 
6.29 9.95804 0.539469 6.86221 
6.3 9.97055 0.529511 6.87526 
6.31 9.98309 0.51954 6.88833 
6.32 9.99565 0.509557 6.90141 
6.33 10.0082 0.499562 6.9145 
6.34 10.0208 0.489553 6.9276 
6.35 10.0335 0.479533 6.94071 
6.36 10.0461 0.469499 6.95384 
6.37 10.0588 0.459453 6.96698 
6.38 10.0715 0.449394 6.98013 
6.39 10.0842 0.439323 6.99329 
6.4 10.0969 0.429239 7.00647 
6.41 10.1097 0.419142 7.01965 
6.42 10.1224 0.409032 7.03285 
6.43 10.1353 0.39891 7.04607 
6.44 10.1481 0.388774 7.05929 
6.45 10.1609 0.378626 7.07253 
6.46 10.1738 0.368465 7.08578 
6.47 10.1867 0.358292 7.09904 
6.48 10.1996 0.348105 7.11231 
6.49 10.2125 0.337905 7.1256 
6.5 10.2255 0.327693 7.1389 
6.51 10.2385 0.317467 7.15221 
6.52 10.2515 0.307229 7.16554 
6.53 10.2645 0.296977 7.17887 
6.54 10.2776 0.286713 7.19222 
6.55 10.2907 0.276435 7.20559 
6.56 10.3038 0.266144 7.21896 
6.57 10.3169 0.255841 7.23235 
6.58 10.33 0.245524 7.24575 
6.59 10.3432 0.235194 7.25917 
6.6 10.3564 0.224851 7.27259 
6.61 10.3696 0.214494 7.28603 
6.62 10.3828 0.204125 7.29949 
6.63 10.3961 0.193742 7.31295 
6.64 10.4094 0.183346 7.32643 
6.65 10.4227 0.172936 7.33992 
6.66 10.436 0.162514 7.35343 
6.67 10.4494 0.152078 7.36695 
6.68 10.4628 0.141628 7.38048 
6.69 10.4762 0.131165 7.39403 
6.7 10.4896 0.120689 7.40758 
6.71 10.503 0.1102 7.42115 
6.72 10.5165 0.0996966 7.43474 
6.73 10.53 0.0891801 7.44834 
6.74 10.5435 0.0786501 7.46195 
6.75 10.5571 0.0681065 7.47558 
6.76 10.5707 0.0575494 7.48921 
6.77 10.5843 0.0469788 7.50287 
6.78 10.5979 0.0363945 7.51653 
6.79 10.6115 0.0257966 7.53021 
6.8 10.6252 0.0151851 7.5439 
6.81 10.6389 0.00455995 7.55761 
6.82 10.6526 0 7.57133 
6.83 10.6663 0 7.58506 
6.84 10.6801 0 7.59881 
6.85 10.6938 0 7.61257 
6.86 10.7076 0 7.62635 
6.87 10.7214 0 7.64014 
6.88 10.7352 0 7.65394 
6.89 10.749 0 7.66776 
6.9 10.7628 0 7.68159 
6.91 10.7767 0 7.69543 
6.92 10.7905 0 7.70929 
6.93 10.8044 0 7.72316 
6.94 10.8183 0 7.73705 
6.95 10.8322 0 7.75095 
6.96 10.8461 0 7.76486 
6.97 10.86 0 7.77879 
6.98 10.874 0 7.79273 
6.99 10.8879 0 7.80668 
7 10.9019 0 7.82065 
7.01 10.9159 0 7.83464 
7.02 10.9299 0 7.84863 
7.03 10.9439 0 7.86264 
7.04 10.9579 0 7.87667 
7.05 10.972 0 7.89071 
7.06 10.986 0 7.90476 
7.07 11.0001 0 7.91883 
7.08 11.0142 0 7.93291 
7.09 11.0283 0 7.947 
7.1 11.0424 0 7.96111 
7.11 11.0565 0 7.97524 
7.12 11.0706 0 7.98938 
7.13 11.0848 0 8.00353 
7.14 11.099 0 8.01769 
7.15 11.1131 0 8.03187 
7.16 11.1273 0 8.04607 
7.17 11.1415 0 8.06028 
7.18 11.1558 0 8.0745 
7.19 11.17 0 8.08874 
7.2 11.1842 0 8.10299 
7.21 11.1985 0 8.11725 
7.22 11.2128 0 8.13153 
7.23 11.2271 0 8.14583 
7.24 11.2414 0 8.16014 
7.25 11.2557 0 8.17446 
7.26 11.2701 0 8.1888 
7.27 11.2844 0 8.20315 
7.28 11.2988 0 8.21751 
7.29 11.3132 0 8.23189 
7.3 11.3275 0 8.24629 
7.31 11.342 0 8.2607 
7.32 11.3564 0 8.27512 
7.33 11.3708 0 8.28956 
7.34 11.3853 0 8.30401 
7.35 11.3997 0 8.31848 
7.36 11.4142 0 8.33296 
7.37 11.4287 0 8.34745 
7.38 11.4432 0 8.36196 
7.39 11.4577 0 8.37649 
7.4 11.4723 0 8.39103 
7.41 11.4868 0 8.40558 
7.42 11.5014 0 8.42015 
7.43 11.516 0 8.43473 
7.44 11.5306 0 8.44933 
7.45 11.5452 0 8.46394 
7.46 11.5598 0 8.47856 
7.47 11.5745 0 8.49321 
7.48 11.5891 0 8.50786 
7.49 11.6038 0 8.52253 
7.5 11.6185 0 8.53722 
7.51 11.6332 0 8.55192 
7.52 11.6479 0 8.56663 
7.53 11.6626 0 8.58136 
7.54 11.6774 0 8.5961 
7.55 11.6921 0 8.61086 
7.56 11.7069 0 8.62564 
7.57 11.7217 0 8.64042 
7.58 11.7365 0 8.65523 
7.59 11.7513 0 8.67005 
7.6 11.7661 0 8.68488 
7.61 11.781 0 8.69973 
7.62 11.7958 0 8.71459 
7.63 11.8107 0 8.72946 
7.64 11.8256 0 8.74436 
7.65 11.8405 0 8.75926 
7.66 11.8554 0 8.77419 
7.67 11.8704 0 8.78912 
7.68 11.8853 0 8.80407 
7.69 11.9003 0 8.81904 
7.7 11.9153 0 8.83402 
7.71 11.9303 0 8.84902 
7.72 11.9453 0 8.86403 
7.73 11.9603 0 8.87906 
7.74 11.9754 0 8.8941 
7.75 11.9904 0 8.90915 
7.76 12.0055 0 8.92423 
7.77 12.0206 0 8.93931 
7.78 12.0357 0 8.95441 
7.79 12.0508 0 8.96953 
7.8 12.0659 0 8.98466 
7.81 12.0811 0 8.99981 
7.82 12.0962 0 9.01497 
7.83 12.1114 0 9.03015 
7.84 12.1266 0 9.04534 
7.85 12.1418 0 9.06055 
7.86 12.157 0 9.07577 
7.87 12.1723 0 9.09101 
7.88 12.1875 0 9.10627 
7.89 12.2028 0 9.12153 
7.9 12.2181 0 9.13682 
7.91 12.2334 0 9.15212 
7.92 12.2487 0 9.16743 
7.93 12.264 0 9.18276 
7.94 12.2794 0 9.19811 
7.95 12.2947 0 9.21347 
7.96 12.3101 0 9.22884 
7.97 12.3255 0 9.24424 
7.98 12.3409 0 9.25964 
7.99 12.3563 0 9.27507 
8 12.3718 0 9.2905 
8.01 12.3872 0 9.30596 
8.02 12.4027 0 9.32142 
8.03 12.4182 0 9.33691 
8.04 12.4337 0 9.35241 
8.05 12.4492 0 9.36792 
8.06 12.4647 0 9.38345 
8.07 12.4803 0 9.399 
8.08 12.4958 0 9.41456 
8.09 12.5114 0 9.43014 
8.1 12.527 0 9.44573 
8.11 12.5426 0 9.46134 
8.12 12.5582 0 9.47696 
8.13 12.5739 0 9.4926 
8.14 12.5895 0 9.50826 
8.15 12.6052 0 9.52393 
8.16 12.6209 0 9.53961 
8.17 12.6366 0 9.55532 
8.18 12.6523 0 9.57103 
8.19 12.668 0 9.58677 
8.2 12.6838 0 9.60252 
8.21 12.6995 0 9.61828 
8.22 12.7153 0 9.63406 
8.23 12.7311 0 9.64986 
8.24 12.7469 0 9.66567 
8.25 12.7628 0 9.6815 
8.26 12.7786 0 9.69734 
8.27 12.7945 0 9.7132 
8.28 12.8103 0 9.72908 
8.29 12.8262 0 9.74497 
8.3 12.8421 0 9.76088 
8.31 12.8581 0 9.7768 
8.32 12.874 0 9.79274 
8.33 12.89 0 9.8087 
8.34 12.9059 0 9.82467 
8.35 12.9219 0 9.84065 
8.36 12.9379 0 9.85666 
8.37 12.9539 0 9.87268 
8.38 12.97 0 9.88871 
8.39 12.986 0 9.90476 
8.4 13.0021 0 9.92083 
8.41 13.0182 0 9.93691 
8.42 13.0343 0 9.95301 
8.43 13.0504 0 9.96913 
8.44 13.0665 0 9.98526 
8.45 13.0827 0 10.0014 
8.46 13.0988 0 10.0176 
8.47 13.115 0 10.0338 
8.48 13.1312 0 10.0499 
8.49 13.1474 0 10.0662 
8.5 13.1636 0 10.0824 
8.51 13.1799 0 10.0986 
8.52 13.1962 0 10.1149 
8.53 13.2124 0 10.1312 
8.54 13.2287 0 10.1475 
8.55 13.245 0 10.1638 
8.56 13.2614 0 10.1801 
8.57 13.2777 0 10.1964 
8.58 13.2941 0 10.2128 
8.59 13.3104 0 10.2292 
8.6 13.3268 0 10.2456 
8.61 13.3432 0 10.262 
8.62 13.3597 0 10.2784 
8.63 13.3761 0 10.2948 
8.64 13.3926 0 10.3113 
8.65 13.409 0 10.3278 
8.66 13.4255 0 10.3443 
8.67 13.442 0 10.3608 
8.68 13.4586 0 10.3773 
8.69 13.4751 0 10.3938 
8.7 13.4917 0 10.4104 
8.71 13.5082 0 10.427 
8.72 13.5248 0 10.4436 
8.73 13.5414 0 10.4602 
8.74 13.558 0 10.4768 
8.75 13.5747 0 10.4934 
8.76 13.5913 0 10.5101 
8.77 13.608 0 10.5268 
8.78 13.6247 0 10.5434 
8.79 13.6414 0 10.5601 
8.8 13.6581 0 10.5769 
8.81 13.6749 0 10.5936 
8.82 13.6916 0 10.6104 
8.83 13.7084 0 10.6271 
8.84 13.7252 0 10.6439 
8.85 13.742 0 10.6607 
8.86 13.7588 0 10.6776 
8.87 13.7757 0 10.6944 
8.88 13.7925 0 10.7113 
8.89 13.8094 0 10.7281 
8.9 13.8263 0 10.745 
8.91 13.8432 0 10.7619 
8.92 13.8601 0 10.7789 
8.93 13.8771 0 10.7958 
8.94 13.894 0 10.8128 
8.95 13.911 0 10.8297 
8.96 13.928 0 10.8467 
8.97 13.945 0 10.8637 
8.98 13.962 0 10.8808 
8.99 13.9791 0 10.8978 
9 13.9961 0 10.9149 
9.01 14.0132 0 10.9319 
9.02 14.0303 0 10.949 
9.03 14.0474 0 10.9661 
9.04 14.0645 0 10.9833 
9.05 14.0817 0 11.0004 
9.06 14.0988 0 11.0176 
9.07 14.116 0 11.0348 
9.08 14.1332 0 11.052 
9.09 14.1504 0 11.0692 
9.1 14.1677 0 11.0864 
9.11 14.1849 0 11.1037 
9.12 14.2022 0 11.1209 
9.13 14.2195 0 11.1382 
9.14 14.2368 0 11.1555 
9.15 14.2541 0 11.1728 
9.16 14.2714 0 11.1902 
9.17 14.2888 0 11.2075 
9.18 14.3061 0 11.2249 
9.19 14.3235 0 11.2423 
9.2 14.3409 0 11.2597 
9.21 14.3584 0 11.2771 
9.22 14.3758 0 11.2945 
9.23 14.3932 0 11.312 
9.24 14.4107 0 11.3295 
9.25 14.4282 0 11.347 
9.26 14.4457 0 11.3645 
9.27 14.4633 0 11.382 
9.28 14.4808 0 11.3995 
9.29 14.4984 0 11.4171 
9.3 14.5159 0 11.4347 
9.31 14.5335 0 11.4523 
9.32 14.5511 0 11.4699 
9.33 14.5688 0 11.4875 
9.34 14.5864 0 11.5052 
9.35 14.6041 0 11.5228 
9.36 14.6218 0 11.5405 
9.37 14.6395 0 11.5582 
9.38 14.6572 0 11.5759 
9.39 14.6749 0 11.5937 
9.4 14.6927 0 11.6114 
9.41 14.7105 0 11.6292 
9.42 14.7283 0 11.647 
9.43 14.7461 0 11.6648 
9.44 14.7639 0 11.6826 
9.45 14.7818 0 11.7005 
9.46 14.7996 0 11.7184 
9.47 14.8175 0 11.7362 
9.48 14.8354 0 11.7541 
9.49 14.8533 0 11.7721 
9.5 14.8712 0 11.79 
9.51 14.8892 0 11.8079 
9.52 14.9072 0 11.8259 
9.53 14.9252 0 11.8439 
9.54 14.9432 0 11.8619 
9.55 14.9612 0 11.8799 
9.56 14.9792 0 11.898 
9.57 14.9973 0 11.916 
9.58 15.0154 0 11.9341 
9.59 15.0335 0 11.9522 
9.6 15.0516 0 11.9703 
9.61 15.0697 0 11.9885 
9.62 15.0879 0 12.0066 
9.63 15.106 0 12.0248 
9.64 15.1242 0 12.043 
9.65 15.1424 0 12.0612 
9.66 15.1606 0 12.0794 
9.67 15.1789 0 12.0976 
9.68 15.1972 0 12.1159 
9.69 15.2154 0 12.1342 
9.7 15.2337 0 12.1525 
9.71 15.252 0 12.1708 
9.72 15.2704 0 12.1891 
9.73 15.2887 0 12.2075 
9.74 15.3071 0 12.2258 
9.75 15.3255 0 12.2442 
9.76 15.3439 0 12.2626 
9.77 15.3623 0 12.2811 
9.78 15.3808 0 12.2995 
9.79 15.3992 0 12.318 
9.8 15.4177 0 12.3364 
9.81 15.4362 0 12.3549 
9.82 15.4547 0 12.3735 
9.83 15.4733 0 12.392 
9.84 15.4918 0 12.4105 
9.85 15.5104 0 12.4291 
9.86 15.529 0 12.4477 
9.87 15.5476 0 12.4663 
9.88 15.5662 0 12.485 
9.89 15.5849 0 12.5036 
9.9 15.6035 0 12.5223 
9.91 15.6222 0 12.541 
9.92 15.6409 0 12.5597 
9.93 15.6596 0 12.5784 
9.94 15.6784 0 12.5971 
9.95 15.6971 0 12.6159 
9.96 15.7159 0 12.6347 
9.97 15.7347 0 12.6535 
9.98 15.7535 0 12.6723 
9.99 15.7724 0 12.6911 
10 15.7912 0 12.71 
10.01 15.8101 0 12.7288 
10.02 15.829 0 12.7477 
10.03 15.8479 0 12.7666 
10.04 15.8668 0 12.7856 
10.05 15.8858 0 12.8045 
10.06 15.9047 0 12.8235 
10.07 15.9237 0 12.8425 
10.08 15.9427 0 12.8615 
10.09 15.9618 0 12.8805 
10.1 15.9808 0 12.8995 
10.11 15.9999 0 12.9186 
10.12 16.0189 0 12.9377 
10.13 16.038 0 12.9568 
10.14 16.0572 0 12.9759 
10.15 16.0763 0 12.995 
10.16 16.0955 0 13.0142 
10.17 16.1146 0 13.0334 
10.18 16.1338 0 13.0526 
10.19 16.153 0 13.0718 
10.2 16.1723 0 13.091 
10.21 16.1915 0 13.1103 
10.22 16.2108 0 13.1295 
10.23 16.2301 0 13.1488 
10.24 16.2494 0 13.1681 
10.25 16.2687 0 13.1875 
10.26 16.2881 0 13.2068 
10.27 16.3075 0 13.2262 
10.28 16.3268 0 13.2456 
10.29 16.3463 0 13.265 
10.3 16.3657 0 13.2844 
10.31 16.3851 0 13.3039 
10.32 16.4046 0 13.3233 
10.33 16.4241 0 13.3428 
10.34 16.4436 0 13.3623 
10.35 16.4631 0 13.3818 
10.36 16.4827 0 13.4014 
10.37 16.5022 0 13.421 
10.38 16.5218 0 13.4405 
10.39 16.5414 0 13.4601 
10.4 16.561 0 13.4798 
10.41 16.5807 0 13.4994 
10.42 16.6003 0 13.5191 
10.43 16.62 0 13.5388 
10.44 16.6397 0 13.5585 
10.45 16.6594 0 13.5782 
10.46 16.6792 0 13.5979 
10.47 16.6989 0 13.6177 
10.48 16.7187 0 13.6375 
10.49 16.7385 0 13.6573 
10.5 16.7583 0 13.6771 
10.51 16.7782 0 13.6969 
10.52 16.798 0 13.7168 
10.53 16.8179 0 13.7367 
10.54 16.8378 0 13.7566 
10.55 16.8577 0 13.7765 
10.56 16.8777 0 13.7964 
10.57 16.8976 0 13.8164 
10.58 16.9176 0 13.8363 
10.59 16.9376 0 13.8563 
10.6 16.9576 0 13.8764 
10.61 16.9777 0 13.8964 
10.62 16.9977 0 13.9165 
10.63 17.0178 0 13.9365 
10.64 17.0379 0 13.9566 
10.65 17.058 0 13.9768 
10.66 17.0782 0 13.9969 
10.67 17.0983 0 14.0171 
10.68 17.1185 0 14.0372 
10.69 17.1387 0 14.0574 
10.7 17.1589 0 14.0777 
10.71 17.1792 0 14.0979 
10.72 17.1994 0 14.1182 
10.73 17.2197 0 14.1384 
10.74 17.24 0 14.1587 
10.75 17.2603 0 14.1791 
10.76 17.2807 0 14.1994 
10.77 17.301 0 14.2198 
10.78 17.3214 0 14.2401 
10.79 17.3418 0 14.2606 
10.8 17.3622 0 14.281 
10.81 17.3827 0 14.3014 
10.82 17.4031 0 14.3219 
10.83 17.4236 0 14.3424 
10.84 17.4441 0 14.3629 
10.85 17.4647 0 14.3834 
10.86 17.4852 0 14.4039 
10.87 17.5058 0 14.4245 
10.88 17.5264 0 14.4451 
10.89 17.547 0 14.4657 
10.9 17.5676 0 14.4863 
10.91 17.5882 0 14.507 
10.92 17.6089 0 14.5276 
10.93 17.6296 0 14.5483 
10.94 17.6503 0 14.5691 
10.95 17.671 0 14.5898 
10.96 17.6918 0 14.6105 
10.97 17.7126 0 14.6313 
10.98 17.7334 0 14.6521 
10.99 17.7542 0 14.6729 
11 17.775 0 14.6938 
11.01 17.7959 0 14.7146 
11.02 17.8167 0 14.7355 
11.03 17.8376 0 14.7564 
11.04 17.8586 0 14.7773 
11.05 17.8795 0 14.7982 
11.06 17.9005 0 14.8192 
11.07 17.9214 0 14.8402 
11.08 17.9424 0 14.8612 
11.09 17.9635 0 14.8822 
11.1 17.9845 0 14.9033 
11.11 18.0056 0 14.9243 
11.12 18.0267 0 14.9454 
11.13 18.0478 0 14.9665 
11.14 18.0689 0 14.9876 
11.15 18.0901 0 15.0088 
11.16 18.1112 0 15.03 
11.17 18.1324 0 15.0512 
11.18 18.1536 0 15.0724 
11.19 18.1749 0 15.0936 
11.2 18.1961 0 15.1149 
11.21 18.2174 0 15.1361 
11.22 18.2387 0 15.1574 
11.23 18.26 0 15.1788 
11.24 18.2814 0 15.2001 
11.25 18.3027 0 15.2215 
11.26 18.3241 0 15.2428 
11.27 18.3455 0 15.2643 
11.28 18.3669 0 15.2857 
11.29 18.3884 0 15.3071 
11.3 18.4099 0 15.3286 
11.31 18.4313 0 15.3501 
11.32 18.4529 0 15.3716 
11.33 18.4744 0 15.3931 
11.34 18.496 0 15.4147 
11.35 18.5175 0 15.4363 
11.36 18.5391 0 15.4579 
11.37 18.5607 0 15.4795 
11.38 18.5824 0 15.5011 
11.39 18.6041 0 15.5228 
11.4 18.6257 0 15.5445 
11.41 18.6474 0 15.5662 
11.42 18.6692 0 15.5879 
11.43 18.6909 0 15.6097 
11.44 18.7127 0 15.6314 
11.45 18.7345 0 15.6532 
11.46 18.7563 0 15.675 
11.47 18.7781 0 15.6969 
11.48 18.8 0 15.7187 
11.49 18.8219 0 15.7406 
11.5 18.8438 0 15.7625 
11.51 18.8657 0 15.7845 
11.52 18.8877 0 15.8064 
11.53 18.9096 0 15.8284 
11.54 18.9316 0 15.8504 
11.55 18.9536 0 15.8724 
11.56 18.9757 0 15.8944 
11.57 18.9977 0 15.9165 
11.58 19.0198 0 15.9385 
11.59 19.0419 0 15.9606 
11.6 19.064 0 15.9828 
11.61 19.0862 0 16.0049 
11.62 19.1083 0 16.0271 
11.63 19.1305 0 16.0493 
11.64 19.1527 0 16.0715 
11.65 19.175 0 16.0937 
11.66 19.1972 0 16.116 
11.67 19.2195 0 16.1383 
11.68 19.2418 0 16.1606 
11.69 19.2641 0 16.1829 
11.7 19.2865 0 16.2052 
11.71 19.3088 0 16.2276 
11.72 19.3312 0 16.25 
11.73 19.3536 0 16.2724 
11.74 19.3761 0 16.2948 
11.75 19.3985 0 16.3173 
11.76 19.421 0 16.3398 
11.77 19.4435 0 16.3623 
11.78 19.466 0 16.3848 
11.79 19.4886 0 16.4073 
11.8 19.5112 0 16.4299 
11.81 19.5338 0 16.4525 
11.82 19.5564 0 16.4751 
11.83 19.579 0 16.4978 
11.84 19.6017 0 16.5204 
11.85 19.6244 0 16.5431 
11.86 19.6471 0 16.5658 
11.87 19.6698 0 16.5885 
11.88 19.6925 0 16.6113 
11.89 19.7153 0 16.6341 
11.9 19.7381 0 16.6568 
11.91 19.7609 0 16.6797 
11.92 19.7838 0 16.7025 
11.93 19.8066 0 16.7254 
11.94 19.8295 0 16.7483 
11.95 19.8524 0 16.7712 
11.96 19.8754 0 16.7941 
11.97 19.8983 0 16.8171 
11.98 19.9213 0 16.84 
11.99 19.9443 0 16.863 
12 19.9673 0 16.8861 
12.01 19.9904 0 16.9091 
12.02 20.0135 0 16.9322 
12.03 20.0365 0 16.9553 
12.04 20.0597 0 16.9784 
12.05 20.0828 0 17.0015 
12.06 20.106 0 17.0247 
12.07 20.1292 0 17.0479 
12.08 20.1524 0 17.0711 
12.09 20.1756 0 17.0943 
12.1 20.1989 0 17.1176 
12.11 20.2221 0 17.1409 
12.12 20.2454 0 17.1642 
12.13 20.2688 0 17.1875 
12.14 20.2921 0 17.2109 
12.15 20.3155 0 17.2342 
12.16 20.3389 0 17.2576 
12.17 20.3623 0 17.281 
12.18 20.3858 0 17.3045 
12.19 20.4092 0 17.328 
12.2 20.4327 0 17.3515 
12.21 20.4562 0 17.375 
12.22 20.4798 0 17.3985 
12.23 20.5033 0 17.4221 
12.24 20.5269 0 17.4456 
12.25 20.5505 0 17.4693 
12.26 20.5741 0 17.4929 
12.27 20.5978 0 17.5165 
12.28 20.6215 0 17.5402 
12.29 20.6452 0 17.5639 
12.3 20.6689 0 17.5877 
12.31 20.6927 0 17.6114 
12.32 20.7164 0 17.6352 
12.33 20.7402 0 17.659 
12.34 20.7641 0 17.6828 
12.35 20.7879 0 17.7066 
12.36 20.8118 0 17.7305 
12.37 20.8357 0 17.7544 
12.38 20.8596 0 17.7783 
12.39 20.8835 0 17.8023 
12.4 20.9075 0 17.8262 
12.41 20.9315 0 17.8502 
12.42 20.9555 0 17.8742 
12.43 20.9795 0 17.8983 
12.44 21.0036 0 17.9223 
12.45 21.0277 0 17.9464 
12.46 21.0518 0 17.9705 
12.47 21.0759 0 17.9947 
12.48 21.1001 0 18.0188 
12.49 21.1242 0 18.043 
12.5 21.1485 0 18.0672 
12.51 21.1727 0 18.0914 
12.52 21.1969 0 18.1157 
12.53 21.2212 0 18.14 
12.54 21.2455 0 18.1643 
12.55 21.2698 0 18.1886 
12.56 21.2942 0 18.2129 
12.57 21.3186 0 18.2373 
12.58 21.343 0 18.2617 
12.59 21.3674 0 18.2861 
12.6 21.3918 0 18.3106 
12.61 21.4163 0 18.3351 
12.62 21.4408 0 18.3596 
12.63 21.4653 0 18.3841 
12.64 21.4899 0 18.4086 
12.65 21.5145 0 18.4332 
12.66 21.5391 0 18.4578 
12.67 21.5637 0 18.4824 
12.68 21.5883 0 18.5071 
12.69 21.613 0 18.5317 
12.7 21.6377 0 18.5564 
12.71 21.6624 0 18.5811 
12.72 21.6871 0 18.6059 
12.73 21.7119 0 18.6307 
12.74 21.7367 0 18.6554 
12.75 21.7615 0 18.6803 
12.76 21.7864 0 18.7051 
12.77 21.8112 0 18.73 
12.78 21.8361 0 18.7549 
12.79 21.861 0 18.7798 
12.8 21.886 0 18.8047 
12.81 21.911 0 18.8297 
12.82 21.9359 0 18.8547 
12.83 21.961 0 18.8797 
12.84 21.986 0 18.9047 
12.85 22.0111 0 18.9298 
12.86 22.0362 0 18.9549 
12.87 22.0613 0 18.98 
12.88 22.0864 0 19.0052 
12.89 22.1116 0 19.0303 
12.9 22.1368 0 19.0555 
12.91 22.162 0 19.0807 
12.92 22.1872 0 19.106 
12.93 22.2125 0 19.1313 
12.94 22.2378 0 19.1565 
12.95 22.2631 0 19.1819 
12.96 22.2885 0 19.2072 
12.97 22.3138 0 19.2326 
12.98 22.3392 0 19.258 
12.99 22.3647 0 19.2834 
13 22.3901 0 19.3088 
13.01 22.4156 0 19.3343 
13.02 22.4411 0 19.3598 
13.03 22.4666 0 19.3853 
13.04 22.4921 0 19.4109 
13.05 22.5177 0 19.4365 
13.06 22.5433 0 19.4621 
13.07 22.5689 0 19.4877 
13.08 22.5946 0 19.5133 
13.09 22.6203 0 19.539 
13.1 22.646 0 19.5647 
13.11 22.6717 0 19.5904 
13.12 22.6974 0 19.6162 
13.13 22.7232 0 19.642 
13.14 22.749 0 19.6678 
13.15 22.7749 0 19.6936 
13.16 22.8007 0 19.7195 
13.17 22.8266 0 19.7453 
13.18 22.8525 0 19.7712 
13.19 22.8784 0 19.7972 
13.2 22.9044 0 19.8231 
13.21 22.9304 0 19.8491 
13.22 22.9564 0 19.8751 
13.23 22.9824 0 19.9012 
13.24 23.0085 0 19.9272 
13.25 23.0346 0 19.9533 
13.26 23.0607 0 19.9794 
13.27 23.0868 0 20.0056 
13.28 23.113 0 20.0318 
13.29 23.1392 0 20.0579 
13.3 23.1654 0 20.0842 
13.31 23.1917 0 20.1104 
13.32 23.2179 0 20.1367 
13.33 23.2442 0 20.163 
13.34 23.2706 0 20.1893 
13.35 23.2969 0 20.2157 
13.36 23.3233 0 20.242 
13.37 23.3497 0 20.2684 
13.38 23.3761 0 20.2949 
13.39 23.4026 0 20.3213 
13.4 23.4291 0 20.3478 
13.41 23.4556 0 20.3743 
13.42 23.4821 0 20.4009 
13.43 23.5087 0 20.4274 
13.44 23.5353 0 20.454 
13.45 23.5619 0 20.4806 
13.46 23.5885 0 20.5073 
13.47 23.6152 0 20.5339 
13.48 23.6419 0 20.5606 
13.49 23.6686 0 20.5874 
13.5 23.6954 0 20.6141 
13.51 23.7222 0 20.6409 
13.52 23.749 0 20.6677 
13.53 23.7758 0 20.6945 
13.54 23.8026 0 20.7214 
13.55 23.8295 0 20.7483 
13.56 23.8564 0 20.7752 
13.57 23.8834 0 20.8021 
13.58 23.9103 0 20.8291 
13.59 23.9373 0 20.8561 
13.6 23.9644 0 20.8831 
13.61 23.9914 0 20.9101 
13.62 24.0185 0 20.9372 
13.63 24.0456 0 20.9643 
13.64 24.0727 0 20.9914 
13.65 24.0999 0 21.0186 
13.66 24.127 0 21.0458 
13.67 24.1542 0 21.073 
13.68 24.1815 0 21.1002 
13.69 24.2087 0 21.1275 
13.7 24.236 0 21.1548 
13.71 24.2633 0 21.1821 
13.72 24.2907 0 21.2094 
13.73 24.3181 0 21.2368 
13.74 24.3455 0 21.2642 
13.75 24.3729 0 21.2916 
13.76 24.4003 0 21.3191 
13.77 24.4278 0 21.3466 
13.78 24.4553 0 21.3741 
13.79 24.4829 0 21.4016 
13.8 24.5104 0 21.4292 
13.81 24.538 0 21.4568 
13.82 24.5656 0 21.4844 
13.83 24.5933 0 21.512 
13.84 24.621 0 21.5397 
13.85 24.6487 0 21.5674 
13.86 24.6764 0 21.5951 
13.87 24.7042 0 21.6229 
13.88 24.7319 0 21.6507 
13.89 24.7598 0 21.6785 
13.9 24.7876 0 21.7063 
13.91 24.8155 0 21.7342 
13.92 24.8434 0 21.7621 
13.93 24.8713 0 21.79 
13.94 24.8992 0 21.818 
13.95 24.9272 0 21.846 
13.96 24.9552 0 21.874 
13.97 24.9833 0 21.902 
13.98 25.0113 0 21.9301 
13.99 25.0394 0 21.9582 
14 25.0675 0 21.9863 
14.01 25.0957 0 22.0144 
14.02 25.1239 0 22.0426 
14.03 25.1521 0 22.0708 
14.04 25.1803 0 22.099 
14.05 25.2086 0 22.1273 
14.06 25.2369 0 22.1556 
14.07 25.2652 0 22.1839 
14.08 25.2935 0 22.2123 
14.09 25.3219 0 22.2406 
14.1 25.3503 0 22.269 
14.11 25.3787 0 22.2975 
14.12 25.4072 0 22.3259 
14.13 25.4357 0 22.3544 
14.14 25.4642 0 22.3829 
14.15 25.4927 0 22.4115 
14.16 25.5213 0 22.4401 
14.17 25.5499 0 22.4687 
14.18 25.5785 0 22.4973 
14.19 25.6072 0 22.5259 
14.2 25.6359 0 22.5546 
14.21 25.6646 0 22.5834 
14.22 25.6934 0 22.6121 
14.23 25.7221 0 22.6409 
14.24 25.7509 0 22.6697 
14.25 25.7798 0 22.6985 
14.26 25.8086 0 22.7274 
14.27 25.8375 0 22.7563 
14.28 25.8664 0 22.7852 
14.29 25.8954 0 22.8141 
14.3 25.9244 0 22.8431 
14.31 25.9534 0 22.8721 
14.32 25.9824 0 22.9011 
14.33 26.0115 0 22.9302 
14.34 26.0406 0 22.9593 
14.35 26.0697 0 22.9884 
14.36 26.0988 0 23.0176 
14.37 26.128 0 23.0468 
14.38 26.1572 0 23.076 
14.39 26.1865 0 23.1052 
14.4 26.2157 0 23.1345 
14.41 26.245 0 23.1638 
14.42 26.2744 0 23.1931 
14.43 26.3037 0 23.2224 
14.44 26.3331 0 23.2518 
14.45 26.3625 0 23.2812 
14.46 26.392 0 23.3107 
14.47 26.4214 0 23.3402 
14.48 26.4509 0 23.3697 
14.49 26.4805 0 23.3992 
14.5 26.51 0 23.4288 
14.51 26.5396 0 23.4584 
14.52 26.5692 0 23.488 
14.53 26.5989 0 23.5176 
14.54 26.6286 0 23.5473 
14.55 26.6583 0 23.577 
14.56 26.688 0 23.6068 
14.57 26.7178 0 23.6365 
14.58 26.7476 0 23.6663 
14.59 26.7774 0 23.6962 
14.6 26.8073 0 23.726 
14.61 26.8372 0 23.7559 
14.62 26.8671 0 23.7858 
14.63 26.897 0 23.8158 
14.64 26.927 0 23.8457 
14.65 26.957 0 23.8758 
14.66 26.987 0 23.9058 
14.67 27.0171 0 23.9359 
14.68 27.0472 0 23.966 
14.69 27.0773 0 23.9961 
14.7 27.1075 0 24.0262 
14.71 27.1377 0 24.0564 
14.72 27.1679 0 24.0867 
14.73 27.1982 0 24.1169 
14.74 27.2284 0 24.1472 
14.75 27.2587 0 24.1775 
14.76 27.2891 0 24.2078 
14.77 27.3195 0 24.2382 
14.78 27.3499 0 24.2686 
14.79 27.3803 0 24.299 
14.8 27.4108 0 24.3295 
14.81 27.4412 0 24.36 
14.82 27.4718 0 24.3905 
14.83 27.5023 0 24.4211 
14.84 27.5329 0 24.4516 
14.85 27.5635 0 24.4823 
14.86 27.5942 0 24.5129 
14.87 27.6248 0 24.5436 
14.88 27.6555 0 24.5743 
14.89 27.6863 0 24.605 
14.9 27.717 0 24.6358 
14.91 27.7478 0 24.6666 
14.92 27.7787 0 24.6974 
14.93 27.8095 0 24.7283 
14.94 27.8404 0 24.7592 
14.95 27.8713 0 24.7901 
14.96 27.9023 0 24.821 
14.97 27.9333 0 24.852 
14.98 27.9643 0 24.883 
14.99 27.9953 0 24.9141 
15 28.0264 0 24.9452 
15.01 28.0575 0 24.9763 
15.02 28.0887 0 25.0074 
15.03 28.1198 0 25.0386 
15.04 28.151 0 25.0698 
15.05 28.1823 0 25.101 
15.06 28.2135 0 25.1323 
15.07 28.2448 0 25.1636 
15.08 28.2762 0 25.1949 
15.09 28.3075 0 25.2263 
15.1 28.3389 0 25.2576 
15.11 28.3703 0 25.2891 
15.12 28.4018 0 25.3205 
15.13 28.4333 0 25.352 
15.14 28.4648 0 25.3835 
15.15 28.4963 0 25.4151 
15.16 28.5279 0 25.4466 
15.17 28.5595 0 25.4782 
15.18 28.5911 0 25.5099 
15.19 28.6228 0 25.5416 
15.2 28.6545 0 25.5733 
15.21 28.6863 0 25.605 
15.22 28.718 0 25.6368 
15.23 28.7498 0 25.6686 
15.24 28.7817 0 25.7004 
15.25 28.8135 0 25.7323 
15.26 28.8454 0 25.7642 
15.27 28.8773 0 25.7961 
15.28 28.9093 0 25.828 
15.29 28.9413 0 25.86 
15.3 28.9733 0 25.8921 
15.31 29.0054 0 25.9241 
15.32 29.0375 0 25.9562 
15.33 29.0696 0 25.9883 
15.34 29.1017 0 26.0205 
15.35 29.1339 0 26.0526 
15.36 29.1661 0 26.0849 
15.37 29.1984 0 26.1171 
15.38 29.2306 0 26.1494 
15.39 29.263 0 26.1817 
15.4 29.2953 0 26.214 
15.41 29.3277 0 26.2464 
15.42 29.3601 0 26.2788 
15.43 29.3925 0 26.3113 
15.44 29.425 0 26.3437 
15.45 29.4575 0 26.3763 
15.46 29.49 0 26.4088 
15.47 29.5226 0 26.4414 
15.48 29.5552 0 26.474 
15.49 29.5879 0 26.5066 
15.5 29.6205 0 26.5393 
15.51 29.6532 0 26.572 
15.52 29.686 0 26.6047 
15.53 29.7187 0 26.6375 
15.54 29.7515 0 26.6703 
15.55 29.7844 0 26.7031 
15.56 29.8172 0 26.736 
15.57 29.8501 0 26.7689 
15.58 29.8831 0 26.8018 
15.59 29.916 0 26.8348 
15.6 29.949 0 26.8678 
15.61 29.9821 0 26.9008 
15.62 30.0151 0 26.9339 
15.63 30.0482 0 26.967 
15.64 30.0813 0 27.0001 
15.65 30.1145 0 27.0332 
15.66 30.1477 0 27.0664 
15.67 30.1809 0 27.0997 
15.68 30.2142 0 27.1329 
15.69 30.2475 0 27.1662 
15.7 30.2808 0 27.1996 
15.71 30.3142 0 27.2329 
15.72 30.3476 0 27.2663 
15.73 30.381 0 27.2997 
15.74 30.4145 0 27.3332 
15.75 30.448 0 27.3667 
15.76 30.4815 0 27.4002 
15.77 30.5151 0 27.4338 
15.78 30.5486 0 27.4674 
15.79 30.5823 0 27.501 
15.8 30.6159 0 27.5347 
15.81 30.6496 0 27.5684 
15.82 30.6834 0 27.6021 
15.83 30.7171 0 27.6359 
15.84 30.7509 0 27.6697 
15.85 30.7848 0 27.7035 
15.86 30.8186 0 27.7374 
15.87 30.8525 0 27.7713 
15.88 30.8865 0 27.8052 
15.89 30.9204 0 27.8392 
15.9 30.9544 0 27.8732 
15.91 30.9885 0 27.9072 
15.92 31.0225 0 27.9413 
15.93 31.0566 0 27.9754 
15.94 31.0908 0 28.0095 
15.95 31.125 0 28.0437 
15.96 31.1592 0 28.0779 
15.97 31.1934 0 28.1121 
15.98 31.2277 0 28.1464 
15.99 31.262 0 28.1807 
16 31.2963 0 28.2151 
16.01 31.3307 0 28.2494 
16.02 31.3651 0 28.2839 
16.03 31.3996 0 28.3183 
16.04 31.434 0 28.3528 
16.05 31.4686 0 28.3873 
16.06 31.5031 0 28.4219 
16.07 31.5377 0 28.4564 
16.08 31.5723 0 28.4911 
16.09 31.607 0 28.5257 
16.1 31.6417 0 28.5604 
16.11 31.6764 0 28.5951 
16.12 31.7111 0 28.6299 
16.13 31.7459 0 28.6647 
16.14 31.7808 0 28.6995 
16.15 31.8156 0 28.7344 
16.16 31.8505 0 28.7693 
16.17 31.8854 0 28.8042 
16.18 31.9204 0 28.8392 
16.19 31.9554 0 28.8742 
16.2 31.9905 0 28.9092 
16.21 32.0255 0 28.9443 
16.22 32.0606 0 28.9794 
16.23 32.0958 0 29.0145 
16.24 32.1309 0 29.0497 
16.25 32.1662 0 29.0849 
16.26 32.2014 0 29.1201 
16.27 32.2367 0 29.1554 
16.28 32.272 0 29.1907 
16.29 32.3074 0 29.2261 
16.3 32.3428 0 29.2615 
16.31 32.3782 0 29.2969 
16.32 32.4136 0 29.3324 
16.33 32.4491 0 29.3679 
16.34 32.4847 0 29.4034 
16.35 32.5202 0 29.439 
16.36 32.5558 0 29.4746 
16.37 32.5915 0 29.5102 
16.38 32.6271 0 29.5459 
16.39 32.6628 0 29.5816 
16.4 32.6986 0 29.6173 
16.41 32.7344 0 29.6531 
16.42 32.7702 0 29.6889 
16.43 32.806 0 29.7248 
16.44 32.8419 0 29.7607 
16.45 32.8778 0 29.7966 
16.46 32.9138 0 29.8325 
16.47 32.9498 0 29.8685 
16.48 32.9858 0 29.9046 
16.49 33.0219 0 29.9406 
16.5 33.058 0 29.9767 
16.51 33.0941 0 30.0129 
16.52 33.1303 0 30.0491 
16.53 33.1665 0 30.0853 
16.54 33.2028 0 30.1215 
16.55 33.2391 0 30.1578 
16.56 33.2754 0 30.1941 
16.57 33.3117 0 30.2305 
16.58 33.3481 0 30.2669 
16.59 33.3846 0 30.3033 
16.6 33.421 0 30.3398 
16.61 33.4575 0 30.3763 
16.62 33.4941 0 30.4128 
16.63 33.5306 0 30.4494 
16.64 33.5673 0 30.486 
16.65 33.6039 0 30.5226 
16.66 33.6406 0 30.5593 
16.67 33.6773 0 30.596 
16.68 33.7141 0 30.6328 
16.69 33.7509 0 30.6696 
16.7 33.7877 0 30.7064 
16.71 33.8246 0 30.7433 
16.72 33.8615 0 30.7802 
16.73 33.8984 0 30.8172 
16.74 33.9354 0 30.8541 
16.75 33.9724 0 30.8911 
16.76 34.0095 0 30.9282 
16.77 34.0466 0 30.9653 
16.78 34.0837 0 31.0024 
16.79 34.1208 0 31.0396 
16.8 34.158 0 31.0768 
16.81 34.1953 0 31.114 
16.82 34.2326 0 31.1513 
16.83 34.2699 0 31.1886 
16.84 34.3072 0 31.226 
16.85 34.3446 0 31.2634 
16.86 34.382 0 31.3008 
16.87 34.4195 0 31.3382 
16.88 34.457 0 31.3757 
16.89 34.4945 0 31.4133 
16.9 34.5321 0 31.4509 
16.91 34.5697 0 31.4885 
16.92 34.6074 0 31.5261 
16.93 34.6451 0 31.5638 
16.94 34.6828 0 31.6015 
16.95 34.7206 0 31.6393 
16.96 34.7584 0 31.6771 
16.97 34.7962 0 31.7149 
16.98 34.8341 0 31.7528 
16.99 34.872 0 31.7907 
17 34.91 0 31.8287 
17.01 34.9479 0 31.8667 
17.02 34.986 0 31.9047 
17.03 35.024 0 31.9428 
17.04 35.0621 0 31.9809 
17.05 35.1003 0 32.019 
17.06 35.1385 0 32.0572 
17.07 35.1767 0 32.0954 
17.08 35.2149 0 32.1337 
17.09 35.2532 0 32.172 
17.1 35.2916 0 32.2103 
17.11 35.33 0 32.2487 
17.12 35.3684 0 32.2871 
17.13 35.4068 0 32.3256 
17.14 35.4453 0 32.364 
17.15 35.4838 0 32.4026 
17.16 35.5224 0 32.4411 
17.17 35.561 0 32.4797 
17.18 35.5996 0 32.5184 
17.19 35.6383 0 32.5571 
17.2 35.677 0 32.5958 
17.21 35.7158 0 32.6345 
17.22 35.7546 0 32.6733 
17.23 35.7934 0 32.7122 
17.24 35.8323 0 32.751 
17.25 35.8712 0 32.79 
17.26 35.9102 0 32.8289 
17.27 35.9492 0 32.8679 
17.28 35.9882 0 32.9069 
17.29 36.0273 0 32.946 
17.3 36.0664 0 32.9851 
17.31 36.1055 0 33.0243 
17.32 36.1447 0 33.0634 
17.33 36.1839 0 33.1027 
17.34 36.2232 0 33.1419 
17.35 36.2625 0 33.1812 
17.36 36.3018 0 33.2206 
17.37 36.3412 0 33.26 
17.38 36.3806 0 33.2994 
17.39 36.4201 0 33.3389 
17.4 36.4596 0 33.3784 
17.41 36.4992 0 33.4179 
17.42 36.5387 0 33.4575 
17.43 36.5784 0 33.4971 
17.44 36.618 0 33.5368 
17.45 36.6577 0 33.5765 
17.46 36.6975 0 33.6162 
17.47 36.7372 0 33.656 
17.48 36.777 0 33.6958 
17.49 36.8169 0 33.7356 
17.5 36.8568 0 33.7755 
17.51 36.8967 0 33.8155 
17.52 36.9367 0 33.8555 
17.53 36.9767 0 33.8955 
17.54 37.0168 0 33.9355 
17.55 37.0569 0 33.9756 
17.56 37.097 0 34.0158 
17.57 37.1372 0 34.056 
17.58 37.1774 0 34.0962 
17.59 37.2177 0 34.1364 
17.6 37.258 0 34.1767 
17.61 37.2983 0 34.2171 
17.62 37.3387 0 34.2574 
17.63 37.3791 0 34.2979 
17.64 37.4196 0 34.3383 
17.65 37.4601 0 34.3788 
17.66 37.5006 0 34.4194 
17.67 37.5412 0 34.46 
17.68 37.5818 0 34.5006 
17.69 37.6225 0 34.5412 
17.7 37.6632 0 34.5819 
17.71 37.7039 0 34.6227 
17.72 37.7447 0 34.6635 
17.73 37.7856 0 34.7043 
17.74 37.8264 0 34.7452 
17.75 37.8673 0 34.7861 
17.76 37.9083 0 34.827 
17.77 37.9493 0 34.868 
17.78 37.9903 0 34.909 
17.79 38.0314 0 34.9501 
17.8 38.0725 0 34.9912 
17.81 38.1136 0 35.0324 
17.82 38.1548 0 35.0736 
17.83 38.1961 0 35.1148 
17.84 38.2373 0 35.1561 
17.85 38.2787 0 35.1974 
17.86 38.32 0 35.2388 
17.87 38.3614 0 35.2802 
17.88 38.4029 0 35.3216 
17.89 38.4444 0 35.3631 
17.9 38.4859 0 35.4046 
17.91 38.5274 0 35.4462 
17.92 38.5691 0 35.4878 
17.93 38.6107 0 35.5294 
17.94 38.6524 0 35.5711 
17.95 38.6941 0 35.6129 
17.96 38.7359 0 35.6546 
17.97 38.7777 0 35.6965 
17.98 38.8196 0 35.7383 
17.99 38.8615 0 35.7802 
18 38.9034 0 35.8222 
18.01 38.9454 0 35.8641 
18.02 38.9874 0 35.9062 
18.03 39.0295 0 35.9482 
18.04 39.0716 0 35.9904 
18.05 39.1138 0 36.0325 
18.06 39.156 0 36.0747 
18.07 39.1982 0 36.1169 
18.08 39.2405 0 36.1592 
18.09 39.2828 0 36.2015 
18.1 39.3252 0 36.2439 
18.11 39.3676 0 36.2863 
18.12 39.41 0 36.3288 
18.13 39.4525 0 36.3713 
18.14 39.495 0 36.4138 
18.15 39.5376 0 36.4564 
18.16 39.5802 0 36.499 
18.17 39.6229 0 36.5416 
18.18 39.6656 0 36.5843 
18.19 39.7084 0 36.6271 
18.2 39.7511 0 36.6699 
18.21 39.794 0 36.7127 
18.22 39.8369 0 36.7556 
18.23 39.8798 0 36.7985 
18.24 39.9227 0 36.8415 
18.25 39.9657 0 36.8845 
18.26 40.0088 0 36.9275 
18.27 40.0519 0 36.9706 
18.28 40.095 0 37.0137 
18.29 40.1382 0 37.0569 
18.3 40.1814 0 37.1001 
18.31 40.2247 0 37.1434 
18.32 40.268 0 37.1867 
18.33 40.3113 0 37.2301 
18.34 40.3547 0 37.2735 
18.35 40.3981 0 37.3169 
18.36 40.4416 0 37.3604 
18.37 40.4851 0 37.4039 
18.38 40.5287 0 37.4475 
18.39 40.5723 0 37.4911 
18.4 40.616 0 37.5347 
18.41 40.6597 0 37.5784 
18.42 40.7034 0 37.6222 
18.43 40.7472 0 37.6659 
18.44 40.791 0 37.7098 
18.45 40.8349 0 37.7536 
18.46 40.8788 0 37.7976 
18.47 40.9228 0 37.8415 
18.48 40.9668 0 37.8855 
18.49 41.0108 0 37.9296 
18.5 41.0549 0 37.9737 
18.51 41.0991 0 38.0178 
18.52 41.1432 0 38.062 
18.53 41.1875 0 38.1062 
18.54 41.2317 0 38.1505 
18.55 41.276 0 38.1948 
18.56 41.3204 0 38.2391 
18.57 41.3648 0 38.2835 
18.58 41.4093 0 38.328 
18.59 41.4537 0 38.3725 
18.6 41.4983 0 38.417 
18.61 41.5429 0 38.4616 
18.62 41.5875 0 38.5062 
18.63 41.6321 0 38.5509 
18.64 41.6769 0 38.5956 
18.65 41.7216 0 38.6404 
18.66 41.7664 0 38.6852 
18.67 41.8113 0 38.73 
18.68 41.8562 0 38.7749 
18.69 41.9011 0 38.8198 
18.7 41.9461 0 38.8648 
18.71 41.9911 0 38.9099 
18.72 42.0362 0 38.9549 
18.73 42.0813 0 39 
18.74 42.1265 0 39.0452 
18.75 42.1717 0 39.0904 
18.76 42.2169 0 39.1357 
18.77 42.2622 0 39.181 
18.78 42.3076 0 39.2263 
18.79 42.353 0 39.2717 
18.8 42.3984 0 39.3171 
18.81 42.4439 0 39.3626 
18.82 42.4894 0 39.4081 
18.83 42.535 0 39.4537 
18.84 42.5806 0 39.4993 
18.85 42.6262 0 39.545 
18.86 42.6719 0 39.5907 
18.87 42.7177 0 39.6364 
18.88 42.7635 0 39.6822 
18.89 42.8093 0 39.7281 
18.9 42.8552 0 39.774 
18.91 42.9012 0 39.8199 
18.92 42.9472 0 39.8659 
18.93 42.9932 0 39.9119 
18.94 43.0393 0 39.958 
18.95 43.0854 0 40.0041 
18.96 43.1315 0 40.0503 
18.97 43.1778 0 40.0965 
18.98 43.224 0 40.1428 
18.99 43.2703 0 40.1891 
19 43.3167 0 40.2354 
19.01 43.3631 0 40.2818 
19.02 43.4095 0 40.3283 
19.03 43.456 0 40.3747 
19.04 43.5025 0 40.4213 
19.05 43.5491 0 40.4679 
19.06 43.5958 0 40.5145 
19.07 43.6424 0 40.5612 
19.08 43.6892 0 40.6079 
19.09 43.7359 0 40.6547 
19.1 43.7827 0 40.7015 
19.11 43.8296 0 40.7484 
19.12 43.8765 0 40.7953 
19.13 43.9235 0 40.8422 
19.14 43.9705 0 40.8892 
19.15 44.0175 0 40.9363 
19.16 44.0646 0 40.9834 
19.17 44.1118 0 41.0305 
19.18 44.159 0 41.0777 
19.19 44.2062 0 41.125 
19.2 44.2535 0 41.1722 
19.21 44.3008 0 41.2196 
19.22 44.3482 0 41.267 
19.23 44.3956 0 41.3144 
19.24 44.4431 0 41.3619 
19.25 44.4906 0 41.4094 
19.26 44.5382 0 41.457 
19.27 44.5858 0 41.5046 
19.28 44.6335 0 41.5522 
19.29 44.6812 0 41.6 
19.3 44.729 0 41.6477 
19.31 44.7768 0 41.6955 
19.32 44.8247 0 41.7434 
19.33 44.8726 0 41.7913 
19.34 44.9205 0 41.8393 
19.35 44.9685 0 41.8873 
19.36 45.0166 0 41.9353 
19.37 45.0647 0 41.9834 
19.38 45.1128 0 42.0315 
19.39 45.161 0 42.0797 
19.4 45.2092 0 42.128 
19.41 45.2575 0 42.1763 
19.42 45.3059 0 42.2246 
19.43 45.3543 0 42.273 
19.44 45.4027 0 42.3214 
19.45 45.4512 0 42.3699 
19.46 45.4997 0 42.4185 
19.47 45.5483 0 42.467 
19.48 45.5969 0 42.5157 
19.49 45.6456 0 42.5643 
19.5 45.6943 0 42.6131 
19.51 45.7431 0 42.6618 
19.52 45.7919 0 42.7107 
19.53 45.8408 0 42.7595 
19.54 45.8897 0 42.8085 
19.55 45.9387 0 42.8574 
19.56 45.9877 0 42.9065 
19.57 46.0368 0 42.9555 
19.58 46.0859 0 43.0046 
19.59 46.1351 0 43.0538 
19.6 46.1843 0 43.103 
19.61 46.2336 0 43.1523 
19.62 46.2829 0 43.2016 
19.63 46.3322 0 43.251 
19.64 46.3816 0 43.3004 
19.65 46.4311 0 43.3498 
19.66 46.4806 0 43.3994 
19.67 46.5302 0 43.4489 
19.68 46.5798 0 43.4985 
19.69 46.6295 0 43.5482 
19.7 46.6792 0 43.5979 
19.71 46.7289 0 43.6477 
19.72 46.7787 0 43.6975 
19.73 46.8286 0 43.7473 
19.74 46.8785 0 43.7972 
19.75 46.9285 0 43.8472 
19.76 46.9785 0 43.8972 
19.77 47.0285 0 43.9473 
19.78 47.0786 0 43.9974 
19.79 47.1288 0 44.0475 
19.8 47.179 0 44.0978 
19.81 47.2293 0 44.148 
19.82 47.2796 0 44.1983 
19.83 47.3299 0 44.2487 
19.84 47.3804 0 44.2991 
19.85 47.4308 0 44.3496 
19.86 47.4813 0 44.4001 
19.87 47.5319 0 44.4506 
19.88 47.5825 0 44.5012 
19.89 47.6332 0 44.5519 
19.9 47.6839 0 44.6026 
19.91 47.7346 0 44.6534 
19.92 47.7855 0 44.7042 
19.93 47.8363 0 44.7551 
19.94 47.8872 0 44.806 
19.95 47.9382 0 44.857 
19.96 47.9892 0 44.908 
19.97 48.0403 0 44.959 
19.98 48.0914 0 45.0102 
19.99 48.1426 0 45.0613 
20 48.1938 0 45.1126 
20.01 48.2451 0 45.1638 
20.02 48.2964 0 45.2152 
20.03 48.3478 0 45.2665 
20.04 48.3992 0 45.318 
20.05 48.4507 0 45.3695 
20.06 48.5022 0 45.421 
20.07 48.5538 0 45.4726 
20.08 48.6055 0 45.5242 
20.09 48.6572 0 45.5759 
20.1 48.7089 0 45.6276 
20.11 48.7607 0 45.6794 
20.12 48.8125 0 45.7313 
20.13 48.8644 0 45.7832 
20.14 48.9164 0 45.8351 
20.15 48.9684 0 45.8871 
20.16 49.0204 0 45.9391 
20.17 49.0725 0 45.9913 
20.18 49.1247 0 46.0434 
20.19 49.1769 0 46.0956 
20.2 49.2291 0 46.1479 
20.21 49.2814 0 46.2002 
20.22 49.3338 0 46.2525 
20.23 49.3862 0 46.305 
20.24 49.4387 0 46.3574 
20.25 49.4912 0 46.4099 
20.26 49.5438 0 46.4625 
20.27 49.5964 0 46.5151 
20.28 49.6491 0 46.5678 
20.29 49.7018 0 46.6205 
20.3 49.7546 0 46.6733 
20.31 49.8074 0 46.7262 
20.32 49.8603 0 46.7791 
20.33 49.9133 0 46.832 
20.34 49.9663 0 46.885 
20.35 50.0193 0 46.938 
20.36 50.0724 0 46.9911 
20.37 50.1256 0 47.0443 
20.38 50.1788 0 47.0975 
20.39 50.232 0 47.1508 
20.4 50.2853 0 47.2041 
20.41 50.3387 0 47.2574 
20.42 50.3921 0 47.3109 
20.43 50.4456 0 47.3643 
20.44 50.4991 0 47.4179 
20.45 50.5527 0 47.4714 
20.46 50.6063 0 47.5251 
20.47 50.66 0 47.5788 
20.48 50.7138 0 47.6325 
20.49 50.7676 0 47.6863 
20.5 50.8214 0 47.7401 
20.51 50.8753 0 47.7941 
20.52 50.9293 0 47.848 
20.53 50.9833 0 47.902 
20.54 51.0373 0 47.9561 
20.55 51.0915 0 48.0102 
20.56 51.1456 0 48.0644 
20.57 51.1999 0 48.1186 
20.58 51.2541 0 48.1729 
20.59 51.3085 0 48.2272 
20.6 51.3629 0 48.2816 
20.61 51.4173 0 48.3361 
20.62 51.4718 0 48.3906 
20.63 51.5264 0 48.4451 
20.64 51.581 0 48.4997 
20.65 51.6356 0 48.5544 
20.66 51.6903 0 48.6091 
20.67 51.7451 0 48.6639 
20.68 51.7999 0 48.7187 
20.69 51.8548 0 48.7736 
20.7 51.9098 0 48.8285 
20.71 51.9648 0 48.8835 
20.72 52.0198 0 48.9385 
20.73 52.0749 0 48.9936 
20.74 52.1301 0 49.0488 
20.75 52.1853 0 49.104 
20.76 52.2405 0 49.1593 
20.77 52.2959 0 49.2146 
20.78 52.3512 0 49.27 
20.79 52.4067 0 49.3254 
20.8 52.4622 0 49.3809 
20.81 52.5177 0 49.4364 
20.82 52.5733 0 49.492 
20.83 52.629 0 49.5477 
20.84 52.6847 0 49.6034 
20.85 52.7404 0 49.6592 
20.86 52.7963 0 49.715 
20.87 52.8521 0 49.7709 
20.88 52.9081 0 49.8268 
20.89 52.9641 0 49.8828 
20.9 53.0201 0 49.9388 
20.91 53.0762 0 49.9949 
20.92 53.1324 0 50.0511 
20.93 53.1886 0 50.1073 
20.94 53.2448 0 50.1636 
20.95 53.3012 0 50.2199 
20.96 53.3575 0 50.2763 
20.97 53.414 0 50.3327 
20.98 53.4705 0 50.3892 
20.99 53.527 0 50.4458 
21 53.5836 0 50.5024 
21.01 53.6403 0 50.559 
21.02 53.697 0 50.6158 
21.03 53.7538 0 50.6725 
21.04 53.8106 0 50.7294 
21.05 53.8675 0 50.7863 
21.06 53.9245 0 50.8432 
21.07 53.9815 0 50.9002 
21.08 54.0386 0 50.9573 
21.09 54.0957 0 51.0144 
21.1 54.1528 0 51.0716 
21.11 54.2101 0 51.1288 
21.12 54.2674 0 51.1861 
21.13 54.3247 0 51.2435 
21.14 54.3821 0 51.3009 
21.15 54.4396 0 51.3583 
21.16 54.4971 0 51.4159 
21.17 54.5547 0 51.4734 
21.18 54.6123 0 51.5311 
21.19 54.67 0 51.5888 
21.2 54.7278 0 51.6465 
21.21 54.7856 0 51.7043 
21.22 54.8434 0 51.7622 
21.23 54.9014 0 51.8201 
21.24 54.9594 0 51.8781 
21.25 55.0174 0 51.9361 
21.26 55.0755 0 51.9942 
21.27 55.1336 0 52.0524 
21.28 55.1919 0 52.1106 
21.29 55.2501 0 52.1689 
21.3 55.3085 0 52.2272 
21.31 55.3669 0 52.2856 
21.32 55.4253 0 52.344 
21.33 55.4838 0 52.4026 
21.34 55.5424 0 52.4611 
21.35 55.601 0 52.5197 
21.36 55.6597 0 52.5784 
21.37 55.7184 0 52.6372 
21.38 55.7772 0 52.696 
21.39 55.8361 0 52.7548 
21.4 55.895 0 52.8137 
21.41 55.954 0 52.8727 
21.42 56.013 0 52.9318 
21.43 56.0721 0 52.9908 
21.44 56.1313 0 53.05 
21.45 56.1905 0 53.1092 
21.46 56.2497 0 53.1685 
21.47 56.3091 0 53.2278 
21.48 56.3685 0 53.2872 
21.49 56.4279 0 53.3467 
21.5 56.4874 0 53.4062 
21.51 56.547 0 53.4657 
21.52 56.6066 0 53.5254 
21.53 56.6663 0 53.585 
21.54 56.7261 0 53.6448 
21.55 56.7859 0 53.7046 
21.56 56.8457 0 53.7645 
21.57 56.9057 0 53.8244 
21.58 56.9656 0 53.8844 
21.59 57.0257 0 53.9444 
21.6 57.0858 0 54.0045 
21.61 57.146 0 54.0647 
21.62 57.2062 0 54.1249 
21.63 57.2665 0 54.1852 
21.64 57.3268 0 54.2456 
21.65 57.3872 0 54.306 
21.66 57.4477 0 54.3664 
21.67 57.5082 0 54.427 
21.68 57.5688 0 54.4876 
21.69 57.6295 0 54.5482 
21.7 57.6902 0 54.6089 
21.71 57.751 0 54.6697 
21.72 57.8118 0 54.7305 
21.73 57.8727 0 54.7914 
21.74 57.9336 0 54.8524 
21.75 57.9947 0 54.9134 
21.76 58.0557 0 54.9745 
21.77 58.1169 0 55.0356 
21.78 58.1781 0 55.0968 
21.79 58.2393 0 55.1581 
21.8 58.3006 0 55.2194 
21.81 58.362 0 55.2808 
21.82 58.4235 0 55.3422 
21.83 58.485 0 55.4037 
21.84 58.5465 0 55.4653 
21.85 58.6082 0 55.5269 
21.86 58.6699 0 55.5886 
21.87 58.7316 0 55.6503 
21.88 58.7934 0 55.7122 
21.89 58.8553 0 55.774 
21.9 58.9172 0 55.836 
21.91 58.9792 0 55.898 
21.92 59.0413 0 55.96 
21.93 59.1034 0 56.0222 
21.94 59.1656 0 56.0843 
21.95 59.2278 0 56.1466 
21.96 59.2902 0 56.2089 
21.97 59.3525 0 56.2713 
21.98 59.415 0 56.3337 
21.99 59.4775 0 56.3962 
22 59.54 0 56.4588 
22.01 59.6026 0 56.5214 
22.02 59.6653 0 56.5841 
22.03 59.7281 0 56.6468 
22.04 59.7909 0 56.7096 
22.05 59.8537 0 56.7725 
22.06 59.9167 0 56.8354 
22.07 59.9797 0 56.8984 
22.08 60.0427 0 56.9615 
22.09 60.1059 0 57.0246 
22.1 60.1691 0 57.0878 
22.11 60.2323 0 57.151 
22.12 60.2956 0 57.2144 
22.13 60.359 0 57.2777 
22.14 60.4224 0 57.3412 
22.15 60.4859 0 57.4047 
22.16 60.5495 0 57.4682 
22.17 60.6131 0 57.5319 
22.18 60.6768 0 57.5956 
22.19 60.7406 0 57.6593 
22.2 60.8044 0 57.7231 
22.21 60.8683 0 57.787 
22.22 60.9322 0 57.851 
22.23 60.9963 0 57.915 
22.24 61.0603 0 57.9791 
22.25 61.1245 0 58.0432 
22.26 61.1887 0 58.1074 
22.27 61.253 0 58.1717 
22.28 61.3173 0 58.236 
22.29 61.3817 0 58.3004 
22.3 61.4461 0 58.3649 
22.31 61.5107 0 58.4294 
22.32 61.5753 0 58.494 
22.33 61.6399 0 58.5587 
22.34 61.7046 0 58.6234 
22.35 61.7694 0 58.6882 
22.36 61.8343 0 58.753 
22.37 61.8992 0 58.8179 
22.38 61.9642 0 58.8829 
22.39 62.0292 0 58.948 
22.4 62.0943 0 59.0131 
22.41 62.1595 0 59.0782 
22.42 62.2247 0 59.1435 
22.43 62.2901 0 59.2088 
22.44 62.3554 0 59.2742 
22.45 62.4209 0 59.3396 
22.46 62.4864 0 59.4051 
22.47 62.5519 0 59.4707 
22.48 62.6176 0 59.5363 
22.49 62.6833 0 59.602 
22.5 62.749 0 59.6678 
22.51 62.8149 0 59.7336 
22.52 62.8808 0 59.7995 
22.53 62.9467 0 59.8655 
22.54 63.0127 0 59.9315 
22.55 63.0788 0 59.9976 
22.56 63.145 0 60.0637 
22.57 63.2112 0 60.13 
22.58 63.2775 0 60.1963 
22.59 63.3439 0 60.2626 
22.6 63.4103 0 60.329 
22.61 63.4768 0 60.3955 
22.62 63.5434 0 60.4621 
22.63 63.61 0 60.5287 
22.64 63.6767 0 60.5954 
22.65 63.7434 0 60.6622 
22.66 63.8102 0 60.729 
22.67 63.8771 0 60.7959 
22.68 63.9441 0 60.8628 
22.69 64.0111 0 60.9299 
22.7 64.0782 0 60.997 
22.71 64.1454 0 61.0641 
22.72 64.2126 0 61.1313 
22.73 64.2799 0 61.1986 
22.74 64.3473 0 61.266 
22.75 64.4147 0 61.3334 
22.76 64.4822 0 61.4009 
22.77 64.5497 0 61.4685 
22.78 64.6174 0 61.5361 
22.79 64.6851 0 61.6038 
22.8 64.7528 0 61.6716 
22.81 64.8207 0 61.7394 
22.82 64.8886 0 61.8073 
22.83 64.9565 0 61.8753 
22.84 65.0246 0 61.9433 
22.85 65.0927 0 62.0114 
22.86 65.1609 0 62.0796 
22.87 65.2291 0 62.1478 
22.88 65.2974 0 62.2162 
22.89 65.3658 0 62.2845 
22.9 65.4342 0 62.353 
22.91 65.5028 0 62.4215 
22.92 65.5713 0 62.4901 
22.93 65.64 0 62.5587 
22.94 65.7087 0 62.6275 
22.95 65.7775 0 62.6962 
22.96 65.8464 0 62.7651 
22.97 65.9153 0 62.834 
22.98 65.9843 0 62.903 
22.99 66.0534 0 62.9721 
23 66.1225 0 63.0412 
23.01 66.1917 0 63.1104 
23.02 66.261 0 63.1797 
23.03 66.3303 0 63.249 
23.04 66.3997 0 63.3185 
23.05 66.4692 0 63.3879 
23.06 66.5388 0 63.4575 
23.07 66.6084 0 63.5271 
23.08 66.6781 0 63.5968 
23.09 66.7478 0 63.6666 
23.1 66.8177 0 63.7364 
23.11 66.8875 0 63.8063 
23.12 66.9575 0 63.8763 
23.13 67.0276 0 63.9463 
23.14 67.0977 0 64.0164 
23.15 67.1678 0 64.0866 
23.16 67.2381 0 64.1568 
23.17 67.3084 0 64.2272 
23.18 67.3788 0 64.2975 
23.19 67.4493 0 64.368 
23.2 67.5198 0 64.4385 
23.21 67.5904 0 64.5091 
23.22 67.6611 0 64.5798 
23.23 67.7318 0 64.6505 
23.24 67.8026 0 64.7214 
23.25 67.8735 0 64.7922 
23.26 67.9445 0 64.8632 
23.27 68.0155 0 64.9342 
23.28 68.0866 0 65.0053 
23.29 68.1578 0 65.0765 
23.3 68.229 0 65.1477 
23.31 68.3003 0 65.219 
23.32 68.3717 0 65.2904 
23.33 68.4431 0 65.3619 
23.34 68.5147 0 65.4334 
23.35 68.5863 0 65.505 
23.36 68.6579 0 65.5767 
23.37 68.7297 0 65.6484 
23.38 68.8015 0 65.7202 
23.39 68.8734 0 65.7921 
23.4 68.9453 0 65.8641 
23.41 69.0173 0 65.9361 
23.42 69.0894 0 66.0082 
23.43 69.1616 0 66.0803 
23.44 69.2338 0 66.1526 
23.45 69.3062 0 66.2249 
23.46 69.3786 0 66.2973 
23.47 69.451 0 66.3698 
23.48 69.5235 0 66.4423 
23.49 69.5961 0 66.5149 
23.5 69.6688 0 66.5876 
23.51 69.7416 0 66.6603 
23.52 69.8144 0 66.7331 
23.53 69.8873 0 66.806 
23.54 69.9603 0 66.879 
23.55 70.0333 0 66.952 
23.56 70.1064 0 67.0252 
23.57 70.1796 0 67.0983 
23.58 70.2529 0 67.1716 
23.59 70.3262 0 67.2449 
23.6 70.3996 0 67.3183 
23.61 70.4731 0 67.3918 
23.62 70.5466 0 67.4654 
23.63 70.6203 0 67.539 
23.64 70.694 0 67.6127 
23.65 70.7677 0 67.6865 
23.66 70.8416 0 67.7603 
23.67 70.9155 0 67.8343 
23.68 70.9895 0 67.9083 
23.69 71.0636 0 67.9823 
23.7 71.1377 0 68.0565 
23.71 71.212 0 68.1307 
23.72 71.2862 0 68.205 
23.73 71.3606 0 68.2794 
23.74 71.4351 0 68.3538 
23.75 71.5096 0 68.4283 
23.76 71.5842 0 68.5029 
23.77 71.6588 0 68.5776 
23.78 71.7336 0 68.6523 
23.79 71.8084 0 68.7271 
23.8 71.8833 0 68.802 
23.81 71.9582 0 68.877 
23.82 72.0333 0 68.952 
23.83 72.1084 0 69.0271 
23.84 72.1836 0 69.1023 
23.85 72.2588 0 69.1776 
23.86 72.3342 0 69.2529 
23.87 72.4096 0 69.3283 
23.88 72.4851 0 69.4038 
23.89 72.5607 0 69.4794 
23.9 72.6363 0 69.555 
23.91 72.712 0 69.6308 
23.92 72.7878 0 69.7066 
23.93 72.8637 0 69.7824 
23.94 72.9396 0 69.8584 
23.95 73.0156 0 69.9344 
23.96 73.0917 0 70.0105 
23.97 73.1679 0 70.0867 
23.98 73.2442 0 70.1629 
23.99 73.3205 0 70.2392 
24 73.3969 0 70.3156 
24.01 73.4734 0 70.3921 
24.02 73.5499 0 70.4687 
24.03 73.6266 0 70.5453 
24.04 73.7033 0 70.622 
24.05 73.78 0 70.6988 
24.06 73.8569 0 70.7756 
24.07 73.9338 0 70.8526 
24.08 74.0109 0 70.9296 
24.09 74.088 0 71.0067 
24.1 74.1651 0 71.0839 
24.11 74.2424 0 71.1611 
24.12 74.3197 0 71.2384 
24.13 74.3971 0 71.3158 
24.14 74.4746 0 71.3933 
24.15 74.5521 0 71.4709 
24.16 74.6298 0 71.5485 
24.17 74.7075 0 71.6262 
24.18 74.7853 0 71.704 
24.19 74.8631 0 71.7819 
24.2 74.9411 0 71.8598 
24.21 75.0191 0 71.9378 
24.22 75.0972 0 72.0159 
24.23 75.1754 0 72.0941 
24.24 75.2536 0 72.1724 
24.25 75.332 0 72.2507 
24.26 75.4104 0 72.3291 
24.27 75.4889 0 72.4076 
24.28 75.5674 0 72.4862 
24.29 75.6461 0 72.5648 
24.3 75.7248 0 72.6436 
24.31 75.8036 0 72.7224 
24.32 75.8825 0 72.8012 
24.33 75.9615 0 72.8802 
24.34 76.0405 0 72.9593 
24.35 76.1196 0 73.0384 
24.36 76.1988 0 73.1176 
24.37 76.2781 0 73.1969 
24.38 76.3575 0 73.2762 
24.39 76.4369 0 73.3557 
24.4 76.5164 0 73.4352 
24.41 76.596 0 73.5148 
24.42 76.6757 0 73.5944 
24.43 76.7555 0 73.6742 
24.44 76.8353 0 73.754 
24.45 76.9152 0 73.834 
24.46 76.9952 0 73.914 
24.47 77.0753 0 73.994 
24.48 77.1554 0 74.0742 
24.49 77.2357 0 74.1544 
24.5 77.316 0 74.2347 
24.51 77.3964 0 74.3151 
24.52 77.4769 0 74.3956 
24.53 77.5574 0 74.4762 
24.54 77.6381 0 74.5568 
24.55 77.7188 0 74.6375 
24.56 77.7996 0 74.7183 
24.57 77.8805 0 74.7992 
24.58 77.9614 0 74.8802 
24.59 78.0425 0 74.9612 
24.6 78.1236 0 75.0423 
24.61 78.2048 0 75.1235 
24.62 78.2861 0 75.2048 
24.63 78.3675 0 75.2862 
24.64 78.4489 0 75.3676 
24.65 78.5304 0 75.4492 
24.66 78.612 0 75.5308 
24.67 78.6937 0 75.6125 
24.68 78.7755 0 75.6943 
24.69 78.8574 0 75.7761 
24.7 78.9393 0 75.8581 
24.71 79.0213 0 75.9401 
24.72 79.1034 0 76.0222 
24.73 79.1856 0 76.1044 
24.74 79.2679 0 76.1866 
24.75 79.3502 0 76.269 
24.76 79.4327 0 76.3514 
24.77 79.5152 0 76.4339 
24.78 79.5978 0 76.5165 
24.79 79.6805 0 76.5992 
24.8 79.7632 0 76.682 
24.81 79.8461 0 76.7648 
24.82 79.929 0 76.8477 
24.83 80.012 0 76.9307 
24.84 80.0951 0 77.0138 
24.85 80.1783 0 77.097 
24.86 80.2615 0 77.1803 
24.87 80.3449 0 77.2636 
24.88 80.4283 0 77.347 
24.89 80.5118 0 77.4306 
24.9 80.5954 0 77.5141 
24.91 80.6791 0 77.5978 
24.92 80.7628 0 77.6816 
24.93 80.8467 0 77.7654 
24.94 80.9306 0 77.8494 
24.95 81.0146 0 77.9334 
24.96 81.0987 0 78.0175 
24.97 81.1829 0 78.1016 
24.98 81.2672 0 78.1859 
24.99 81.3515 0 78.2703 
25 81.4359 0 78.3547 
25.01 81.5205 0 78.4392 
25.02 81.6051 0 78.5238 
25.03 81.6898 0 78.6085 
25.04 81.7745 0 78.6933 
25.05 81.8594 0 78.7781 
25.06 81.9443 0 78.8631 
25.07 82.0293 0 78.9481 
25.08 82.1145 0 79.0332 
25.09 82.1996 0 79.1184 
25.1 82.2849 0 79.2037 
25.11 82.3703 0 79.289 
25.12 82.4557 0 79.3745 
25.13 82.5413 0 79.46 
25.14 82.6269 0 79.5456 
25.15 82.7126 0 79.6314 
25.16 82.7984 0 79.7172 
25.17 82.8843 0 79.803 
25.18 82.9703 0 79.889 
25.19 83.0563 0 79.975 
25.2 83.1424 0 80.0612 
25.21 83.2287 0 80.1474 
25.22 83.315 0 80.2337 
25.23 83.4014 0 80.3201 
25.24 83.4879 0 80.4066 
25.25 83.5744 0 80.4932 
25.26 83.6611 0 80.5798 
25.27 83.7478 0 80.6666 
25.28 83.8347 0 80.7534 
25.29 83.9216 0 80.8403 
25.3 84.0086 0 80.9273 
25.31 84.0957 0 81.0144 
25.32 84.1828 0 81.1016 
25.33 84.2701 0 81.1888 
25.34 84.3575 0 81.2762 
25.35 84.4449 0 81.3636 
25.36 84.5324 0 81.4512 
25.37 84.62 0 81.5388 
25.38 84.7077 0 81.6265 
25.39 84.7955 0 81.7143 
25.4 84.8834 0 81.8021 
25.41 84.9714 0 81.8901 
25.42 85.0594 0 81.9782 
25.43 85.1476 0 82.0663 
25.44 85.2358 0 82.1545 
25.45 85.3241 0 82.2428 
25.46 85.4125 0 82.3312 
25.47 85.501 0 82.4197 
25.48 85.5896 0 82.5083 
25.49 85.6783 0 82.597 
25.5 85.767 0 82.6858 
25.51 85.8559 0 82.7746 
25.52 85.9448 0 82.8635 
25.53 86.0338 0 82.9526 
25.54 86.1229 0 83.0417 
25.55 86.2121 0 83.1309 
25.56 86.3014 0 83.2202 
25.57 86.3908 0 83.3096 
25.58 86.4803 0 83.399 
25.59 86.5699 0 83.4886 
25.6 86.6595 0 83.5782 
25.61 86.7492 0 83.668 
25.62 86.8391 0 83.7578 
25.63 86.929 0 83.8477 
25.64 87.019 0 83.9377 
25.65 87.1091 0 84.0278 
25.66 87.1993 0 84.118 
25.67 87.2896 0 84.2083 
25.68 87.38 0 84.2987 
25.69 87.4704 0 84.3892 
25.7 87.561 0 84.4797 
25.71 87.6516 0 84.5703 
25.72 87.7423 0 84.6611 
25.73 87.8332 0 84.7519 
25.74 87.9241 0 84.8428 
25.75 88.0151 0 84.9338 
25.76 88.1062 0 85.0249 
25.77 88.1974 0 85.1161 
25.78 88.2886 0 85.2074 
25.79 88.38 0 85.2988 
25.8 88.4715 0 85.3902 
25.81 88.563 0 85.4818 
25.82 88.6547 0 85.5734 
25.83 88.7464 0 85.6651 
25.84 88.8382 0 85.757 
25.85 88.9302 0 85.8489 
25.86 89.0222 0 85.9409 
25.87 89.1143 0 86.033 
25.88 89.2065 0 86.1252 
25.89 89.2988 0 86.2175 
25.9 89.3911 0 86.3099 
25.91 89.4836 0 86.4023 
25.92 89.5762 0 86.4949 
25.93 89.6688 0 86.5876 
25.94 89.7616 0 86.6803 
25.95 89.8544 0 86.7732 
25.96 89.9474 0 86.8661 
25.97 90.0404 0 86.9591 
25.98 90.1335 0 87.0522 
25.99 90.2267 0 87.1455 
26 90.32 0 87.2388 
26.01 90.4134 0 87.3322 
26.02 90.5069 0 87.4257 
26.03 90.6005 0 87.5193 
26.04 90.6942 0 87.6129 
26.05 90.788 0 87.7067 
26.06 90.8818 0 87.8006 
26.07 90.9758 0 87.8945 
26.08 91.0699 0 87.9886 
26.09 91.164 0 88.0828 
26.1 91.2583 0 88.177 
26.11 91.3526 0 88.2713 
26.12 91.447 0 88.3658 
26.13 91.5416 0 88.4603 
26.14 91.6362 0 88.5549 
26.15 91.7309 0 88.6496 
26.16 91.8257 0 88.7445 
26.17 91.9206 0 88.8394 
26.18 92.0156 0 88.9344 
26.19 92.1107 0 89.0295 
26.2 92.2059 0 89.1246 
26.21 92.3012 0 89.2199 
26.22 92.3966 0 89.3153 
26.23 92.4921 0 89.4108 
26.24 92.5876 0 89.5064 
26.25 92.6833 0 89.602 
26.26 92.7791 0 89.6978 
26.27 92.8749 0 89.7937 
26.28 92.9709 0 89.8896 
26.29 93.0669 0 89.9857 
26.3 93.1631 0 90.0818 
26.31 93.2593 0 90.1781 
26.32 93.3557 0 90.2744 
26.33 93.4521 0 90.3708 
26.34 93.5486 0 90.4674 
26.35 93.6453 0 90.564 
26.36 93.742 0 90.6607 
26.37 93.8388 0 90.7576 
26.38 93.9357 0 90.8545 
26.39 94.0328 0 90.9515 
26.4 94.1299 0 91.0486 
26.41 94.2271 0 91.1458 
26.42 94.3244 0 91.2431 
26.43 94.4218 0 91.3405 
26.44 94.5193 0 91.438 
26.45 94.6169 0 91.5356 
26.46 94.7146 0 91.6333 
26.47 94.8124 0 91.7311 
26.48 94.9103 0 91.829 
26.49 95.0083 0 91.927 
26.5 95.1064 0 92.0251 
26.51 95.2046 0 92.1233 
26.52 95.3028 0 92.2216 
26.53 95.4012 0 92.32 
26.54 95.4997 0 92.4184 
26.55 95.5983 0 92.517 
26.56 95.697 0 92.6157 
26.57 95.7957 0 92.7145 
26.58 95.8946 0 92.8134 
26.59 95.9936 0 92.9123 
26.6 96.0927 0 93.0114 
26.61 96.1918 0 93.1106 
26.62 96.2911 0 93.2099 
26.63 96.3905 0 93.3092 
26.64 96.49 0 93.4087 
26.65 96.5895 0 93.5083 
26.66 96.6892 0 93.6079 
26.67 96.789 0 93.7077 
26.68 96.8888 0 93.8076 
26.69 96.9888 0 93.9076 
26.7 97.0889 0 94.0076 
26.71 97.1891 0 94.1078 
26.72 97.2893 0 94.2081 
26.73 97.3897 0 94.3084 
26.74 97.4902 0 94.4089 
26.75 97.5907 0 94.5095 
26.76 97.6914 0 94.6101 
26.77 97.7922 0 94.7109 
26.78 97.8931 0 94.8118 
26.79 97.994 0 94.9128 
26.8 98.0951 0 95.0138 
26.81 98.1963 0 95.115 
26.82 98.2976 0 95.2163 
26.83 98.3989 0 95.3177 
26.84 98.5004 0 95.4192 
26.85 98.602 0 95.5207 
26.86 98.7037 0 95.6224 
26.87 98.8055 0 95.7242 
26.88 98.9074 0 95.8261 
26.89 99.0093 0 95.9281 
26.9 99.1114 0 96.0302 
26.91 99.2136 0 96.1324 
26.92 99.3159 0 96.2347 
26.93 99.4183 0 96.3371 
26.94 99.5208 0 96.4396 
26.95 99.6234 0 96.5422 
26.96 99.7261 0 96.6449 
26.97 99.8289 0 96.7477 
26.98 99.9318 0 96.8506 
26.99 100.035 0 96.9536 
27 100.138 0 97.0567 
27.01 100.241 0 97.1599 
27.02 100.345 0 97.2633 
27.03 100.448 0 97.3667 
27.04 100.551 0 97.4702 
27.05 100.655 0 97.5738 
27.06 100.759 0 97.6776 
27.07 100.863 0 97.7814 
27.08 100.967 0 97.8854 
27.09 101.071 0 97.9894 
27.1 101.175 0 98.0936 
27.11 101.279 0 98.1978 
27.12 101.383 0 98.3022 
27.13 101.488 0 98.4066 
27.14 101.592 0 98.5112 
27.15 101.697 0 98.6159 
27.16 101.802 0 98.7207 
27.17 101.907 0 98.8255 
27.18 102.012 0 98.9305 
27.19 102.117 0 99.0356 
27.2 102.222 0 99.1408 
27.21 102.327 0 99.2461 
27.22 102.433 0 99.3515 
27.23 102.538 0 99.4571 
27.24 102.644 0 99.5627 
27.25 102.75 0 99.6684 
27.26 102.855 0 99.7742 
27.27 102.961 0 99.8802 
27.28 103.067 0 99.9862 
27.29 103.174 0 100.092 
27.3 103.28 0 100.199 
27.31 103.386 0 100.305 
27.32 103.493 0 100.411 
27.33 103.599 0 100.518 
27.34 103.706 0 100.625 
27.35 103.813 0 100.731 
27.36 103.92 0 100.838 
27.37 104.027 0 100.945 
27.38 104.134 0 101.052 
27.39 104.241 0 101.16 
27.4 104.348 0 101.267 
27.41 104.456 0 101.374 
27.42 104.563 0 101.482 
27.43 104.671 0 101.59 
27.44 104.779 0 101.697 
27.45 104.887 0 101.805 
27.46 104.994 0 101.913 
27.47 105.103 0 102.021 
27.48 105.211 0 102.129 
27.49 105.319 0 102.238 
27.5 105.427 0 102.346 
27.51 105.536 0 102.455 
27.52 105.645 0 102.563 
27.53 105.753 0 102.672 
27.54 105.862 0 102.781 
27.55 105.971 0 102.89 
27.56 106.08 0 102.999 
27.57 106.189 0 103.108 
27.58 106.299 0 103.217 
27.59 106.408 0 103.327 
27.6 106.517 0 103.436 
27.61 106.627 0 103.546 
27.62 106.737 0 103.655 
27.63 106.847 0 103.765 
27.64 106.956 0 103.875 
27.65 107.066 0 103.985 
27.66 107.177 0 104.095 
27.67 107.287 0 104.206 
27.68 107.397 0 104.316 
27.69 107.508 0 104.426 
27.7 107.618 0 104.537 
27.71 107.729 0 104.648 
27.72 107.84 0 104.759 
27.73 107.951 0 104.87 
27.74 108.062 0 104.981 
27.75 108.173 0 105.092 
27.76 108.284 0 105.203 
27.77 108.396 0 105.314 
27.78 108.507 0 105.426 
27.79 108.619 0 105.537 
27.8 108.73 0 105.649 
27.81 108.842 0 105.761 
27.82 108.954 0 105.873 
27.83 109.066 0 105.985 
27.84 109.178 0 106.097 
27.85 109.291 0 106.209 
27.86 109.403 0 106.322 
27.87 109.515 0 106.434 
27.88 109.628 0 106.547 
27.89 109.741 0 106.659 
27.9 109.853 0 106.772 
27.91 109.966 0 106.885 
27.92 110.079 0 106.998 
27.93 110.193 0 107.111 
27.94 110.306 0 107.225 
27.95 110.419 0 107.338 
27.96 110.533 0 107.452 
27.97 110.646 0 107.565 
27.98 110.76 0 107.679 
27.99 110.874 0 107.793 
28 110.988 0 107.907 
28.01 111.102 0 108.021 
28.02 111.216 0 108.135 
28.03 111.33 0 108.249 
28.04 111.445 0 108.364 
28.05 111.559 0 108.478 
28.06 111.674 0 108.593 
28.07 111.789 0 108.708 
28.08 111.904 0 108.822 
28.09 112.019 0 108.937 
28.1 112.134 0 109.053 
28.11 112.249 0 109.168 
28.12 112.364 0 109.283 
28.13 112.48 0 109.399 
28.14 112.595 0 109.514 
28.15 112.711 0 109.63 
28.16 112.827 0 109.746 
28.17 112.943 0 109.861 
28.18 113.059 0 109.977 
28.19 113.175 0 110.094 
28.2 113.291 0 110.21 
28.21 113.407 0 110.326 
28.22 113.524 0 110.443 
28.23 113.641 0 110.559 
28.24 113.757 0 110.676 
28.25 113.874 0 110.793 
28.26 113.991 0 110.91 
28.27 114.108 0 111.027 
28.28 114.225 0 111.144 
28.29 114.343 0 111.261 
28.3 114.46 0 111.379 
28.31 114.578 0 111.496 
28.32 114.695 0 111.614 
28.33 114.813 0 111.732 
28.34 114.931 0 111.85 
28.35 115.049 0 111.968 
28.36 115.167 0 112.086 
28.37 115.285 0 112.204 
28.38 115.404 0 112.322 
28.39 115.522 0 112.441 
28.4 115.641 0 112.56 
28.41 115.76 0 112.678 
28.42 115.878 0 112.797 
28.43 115.997 0 112.916 
28.44 116.116 0 113.035 
28.45 116.236 0 113.154 
28.46 116.355 0 113.274 
28.47 116.474 0 113.393 
28.48 116.594 0 113.513 
28.49 116.714 0 113.632 
28.5 116.833 0 113.752 
28.51 116.953 0 113.872 
28.52 117.073 0 113.992 
28.53 117.193 0 114.112 
28.54 117.314 0 114.233 
28.55 117.434 0 114.353 
28.56 117.555 0 114.473 
28.57 117.675 0 114.594 
28.58 117.796 0 114.715 
28.59 117.917 0 114.836 
28.6 118.038 0 114.957 
28.61 118.159 0 115.078 
28.62 118.28 0 115.199 
28.63 118.402 0 115.32 
28.64 118.523 0 115.442 
28.65 118.645 0 115.563 
28.66 118.766 0 115.685 
28.67 118.888 0 115.807 
28.68 119.01 0 115.929 
28.69 119.132 0 116.051 
28.7 119.255 0 116.173 
28.71 119.377 0 116.296 
28.72 119.499 0 116.418 
28.73 119.622 0 116.541 
28.74 119.745 0 116.663 
28.75 119.868 0 116.786 
28.76 119.99 0 116.909 
28.77 120.114 0 117.032 
28.78 120.237 0 117.155 
28.79 120.36 0 117.279 
28.8 120.483 0 117.402 
28.81 120.607 0 117.526 
28.82 120.731 0 117.649 
28.83 120.855 0 117.773 
28.84 120.978 0 117.897 
28.85 121.103 0 118.021 
28.86 121.227 0 118.145 
28.87 121.351 0 118.27 
28.88 121.475 0 118.394 
28.89 121.6 0 118.519 
28.9 121.725 0 118.643 
28.91 121.85 0 118.768 
28.92 121.974 0 118.893 
28.93 122.099 0 119.018 
28.94 122.225 0 119.143 
28.95 122.35 0 119.269 
28.96 122.475 0 119.394 
28.97 122.601 0 119.52 
28.98 122.727 0 119.645 
28.99 122.852 0 119.771 
29 122.978 0 119.897 
29.01 123.104 0 120.023 
29.02 123.231 0 120.149 
29.03 123.357 0 120.276 
29.04 123.483 0 120.402 
29.05 123.61 0 120.529 
29.06 123.737 0 120.655 
29.07 123.863 0 120.782 
29.08 123.99 0 120.909 
29.09 124.117 0 121.036 
29.1 124.245 0 121.163 
29.11 124.372 0 121.291 
29.12 124.499 0 121.418 
29.13 124.627 0 121.546 
29.14 124.755 0 121.673 
29.15 124.883 0 121.801 
29.16 125.011 0 121.929 
29.17 125.139 0 122.057 
29.18 125.267 0 122.186 
29.19 125.395 0 122.314 
29.2 125.524 0 122.442 
29.21 125.652 0 122.571 
29.22 125.781 0 122.7 
29.23 125.91 0 122.829 
29.24 126.039 0 122.958 
29.25 126.168 0 123.087 
29.26 126.297 0 123.216 
29.27 126.427 0 123.345 
29.28 126.556 0 123.475 
29.29 126.686 0 123.605 
29.3 126.816 0 123.734 
29.31 126.945 0 123.864 
29.32 127.075 0 123.994 
29.33 127.206 0 124.124 
29.34 127.336 0 124.255 
29.35 127.466 0 124.385 
29.36 127.597 0 124.516 
29.37 127.728 0 124.646 
29.38 127.858 0 124.777 
29.39 127.989 0 124.908 
29.4 128.12 0 125.039 
29.41 128.252 0 125.17 
29.42 128.383 0 125.302 
29.43 128.514 0 125.433 
29.44 128.646 0 125.565 
29.45 128.778 0 125.696 
29.46 128.91 0 125.828 
29.47 129.042 0 125.96 
29.48 129.174 0 126.092 
29.49 129.306 0 126.225 
29.5 129.438 0 126.357 
29.51 129.571 0 126.49 
29.52 129.703 0 126.622 
29.53 129.836 0 126.755 
29.54 129.969 0 126.888 
29.55 130.102 0 127.021 
29.56 130.235 0 127.154 
29.57 130.369 0 127.287 
29.58 130.502 0 127.421 
29.59 130.636 0 127.555 
29.6 130.769 0 127.688 
29.61 130.903 0 127.822 
29.62 131.037 0 127.956 
29.63 131.171 0 128.09 
29.64 131.306 0 128.224 
29.65 131.44 0 128.359 
29.66 131.575 0 128.493 
29.67 131.709 0 128.628 
29.68 131.844 0 128.763 
29.69 131.979 0 128.898 
29.7 132.114 0 129.033 
29.71 132.249 0 129.168 
29.72 132.385 0 129.303 
29.73 132.52 0 129.439 
29.74 132.656 0 129.574 
29.75 132.791 0 129.71 
29.76 132.927 0 129.846 
29.77 133.063 0 129.982 
29.78 133.199 0 130.118 
29.79 133.336 0 130.254 
29.8 133.472 0 130.391 
29.81 133.609 0 130.527 
29.82 133.745 0 130.664 
29.83 133.882 0 130.801 
29.84 134.019 0 130.938 
29.85 134.156 0 131.075 
29.86 134.293 0 131.212 
29.87 134.431 0 131.35 
29.88 134.568 0 131.487 
29.89 134.706 0 131.625 
29.9 134.844 0 131.763 
29.91 134.982 0 131.9 
29.92 135.12 0 132.038 
29.93 135.258 0 132.177 
29.94 135.396 0 132.315 
29.95 135.535 0 132.454 
29.96 135.673 0 132.592 
29.97 135.812 0 132.731 
29.98 135.951 0 132.87 
29.99 136.09 0 133.009 
30 136.229 0 133.148 

