0 0 0 1 0 
0.01 0.001 0.001 1 0.001 
0.02 0.001999 0.001999 0.999995 0.002002 
0.03 0.002997 0.002997 0.999985 0.00300599 
0.04 0.00399398 0.00399398 0.99997 0.00401197 
0.05 0.00498996 0.00498996 0.99995 0.00501993 
0.06 0.00598492 0.00598492 0.999925 0.00602986 
0.07 0.00697886 0.00697886 0.999895 0.00704175 
0.08 0.00797178 0.00797178 0.999859 0.00805561 
0.09 0.00896366 0.00896366 0.999819 0.00907141 
0.1 0.00995452 0.00995452 0.999774 0.0100892 
0.11 0.0109443 0.0109443 0.999723 0.0111088 
0.12 0.0119331 0.0119331 0.999668 0.0121305 
0.13 0.0129209 0.0129209 0.999607 0.013154 
0.14 0.0139075 0.0139075 0.999541 0.0141794 
0.15 0.0148932 0.0148932 0.99947 0.0152068 
0.16 0.0158777 0.0158777 0.999394 0.016236 
0.17 0.0168613 0.0168613 0.999313 0.0172672 
0.18 0.0178437 0.0178437 0.999227 0.0183002 
0.19 0.0188251 0.0188251 0.999135 0.0193351 
0.2 0.0198054 0.0198054 0.999039 0.0203719 
0.21 0.0207846 0.0207846 0.998937 0.0214106 
0.22 0.0217628 0.0217628 0.99883 0.0224511 
0.23 0.0227399 0.0227399 0.998718 0.0234934 
0.24 0.0237158 0.0237158 0.9986 0.0245376 
0.25 0.0246907 0.0246907 0.998477 0.0255837 
0.26 0.0256645 0.0256645 0.99835 0.0266315 
0.27 0.0266372 0.0266372 0.998216 0.0276812 
0.28 0.0276088 0.0276088 0.998078 0.0287327 
0.29 0.0285792 0.0285792 0.997934 0.029786 
0.3 0.0295486 0.0295486 0.997785 0.0308411 
0.31 0.0305168 0.0305168 0.997631 0.031898 
0.32 0.031484 0.031484 0.997472 0.0329566 
0.33 0.0324499 0.0324499 0.997307 0.0340171 
0.34 0.0334148 0.0334148 0.997137 0.0350793 
0.35 0.0343785 0.0343785 0.996961 0.0361433 
0.36 0.0353411 0.0353411 0.996781 0.037209 
0.37 0.0363025 0.0363025 0.996595 0.0382764 
0.38 0.0372628 0.0372628 0.996403 0.0393456 
0.39 0.038222 0.038222 0.996207 0.0404166 
0.4 0.03918 0.03918 0.996004 0.0414892 
0.41 0.0401368 0.0401368 0.995797 0.0425636 
0.42 0.0410924 0.0410924 0.995584 0.0436396 
0.43 0.0420469 0.0420469 0.995366 0.0447174 
0.44 0.0430003 0.0430003 0.995142 0.0457969 
0.45 0.0439524 0.0439524 0.994913 0.046878 
0.46 0.0449034 0.0449034 0.994679 0.0479608 
0.47 0.0458531 0.0458531 0.994439 0.0490453 
0.48 0.0468017 0.0468017 0.994194 0.0501315 
0.49 0.0477491 0.0477491 0.993943 0.0512193 
0.5 0.0486953 0.0486953 0.993687 0.0523087 
0.51 0.0496403 0.0496403 0.993426 0.0533998 
0.52 0.0505841 0.0505841 0.993159 0.0544925 
0.53 0.0515267 0.0515267 0.992886 0.0555868 
0.54 0.052468 0.052468 0.992608 0.0566828 
0.55 0.0534082 0.0534082 0.992325 0.0577803 
0.56 0.0543471 0.0543471 0.992036 0.0588794 
0.57 0.0552848 0.0552848 0.991742 0.0599802 
0.58 0.0562212 0.0562212 0.991442 0.0610825 
0.59 0.0571564 0.0571564 0.991136 0.0621864 
0.6 0.0580904 0.0580904 0.990825 0.0632918 
0.61 0.0590232 0.0590232 0.990509 0.0643988 
0.62 0.0599546 0.0599546 0.990187 0.0655074 
0.63 0.0608849 0.0608849 0.989859 0.0666175 
0.64 0.0618138 0.0618138 0.989526 0.0677291 
0.65 0.0627416 0.0627416 0.989188 0.0688423 
0.66 0.063668 0.063668 0.988843 0.0699569 
0.67 0.0645932 0.0645932 0.988494 0.0710731 
0.68 0.0655171 0.0655171 0.988138 0.0721908 
0.69 0.0664397 0.0664397 0.987777 0.07331 
0.7 0.067361 0.067361 0.987411 0.0744306 
0.71 0.0682811 0.0682811 0.987039 0.0755527 
0.72 0.0691998 0.0691998 0.986661 0.0766764 
0.73 0.0701173 0.0701173 0.986277 0.0778014 
0.74 0.0710335 0.0710335 0.985888 0.0789279 
0.75 0.0719483 0.0719483 0.985494 0.0800559 
0.76 0.0728619 0.0728619 0.985094 0.0811853 
0.77 0.0737741 0.0737741 0.984688 0.0823161 
0.78 0.074685 0.074685 0.984276 0.0834483 
0.79 0.0755946 0.0755946 0.983859 0.084582 
0.8 0.0765029 0.0765029 0.983436 0.085717 
0.81 0.0774098 0.0774098 0.983007 0.0868535 
0.82 0.0783154 0.0783154 0.982573 0.0879913 
0.83 0.0792197 0.0792197 0.982133 0.0891305 
0.84 0.0801226 0.0801226 0.981687 0.0902711 
0.85 0.0810241 0.0810241 0.981236 0.091413 
0.86 0.0819243 0.0819243 0.980779 0.0925563 
0.87 0.0828232 0.0828232 0.980316 0.0937009 
0.88 0.0837207 0.0837207 0.979848 0.0948469 
0.89 0.0846168 0.0846168 0.979373 0.0959942 
0.9 0.0855116 0.0855116 0.978894 0.0971428 
0.91 0.086405 0.086405 0.978408 0.0982927 
0.92 0.087297 0.087297 0.977916 0.0994439 
0.93 0.0881876 0.0881876 0.977419 0.100596 
0.94 0.0890768 0.0890768 0.976916 0.10175 
0.95 0.0899647 0.0899647 0.976407 0.102905 
0.96 0.0908511 0.0908511 0.975893 0.104062 
0.97 0.0917361 0.0917361 0.975373 0.105219 
0.98 0.0926198 0.0926198 0.974846 0.106378 
0.99 0.093502 0.093502 0.974315 0.107538 
1 0.0943828 0.0943828 0.973777 0.108699 
1.01 0.0952622 0.0952622 0.973233 0.109862 
1.02 0.0961402 0.0961402 0.972684 0.111026 
1.03 0.0970167 0.0970167 0.972129 0.112191 
1.04 0.0978918 0.0978918 0.971568 0.113357 
1.05 0.0987655 0.0987655 0.971001 0.114524 
1.06 0.0996377 0.0996377 0.970429 0.115693 
1.07 0.100509 0.100509 0.96985 0.116862 
1.08 0.101378 0.101378 0.969266 0.118033 
1.09 0.102246 0.102246 0.968676 0.119205 
1.1 0.103112 0.103112 0.96808 0.120379 
1.11 0.103977 0.103977 0.967478 0.121553 
1.12 0.104841 0.104841 0.96687 0.122728 
1.13 0.105703 0.105703 0.966256 0.123905 
1.14 0.106563 0.106563 0.965637 0.125082 
1.15 0.107422 0.107422 0.965011 0.126261 
1.16 0.10828 0.10828 0.96438 0.127441 
1.17 0.109136 0.109136 0.963743 0.128622 
1.18 0.109991 0.109991 0.9631 0.129804 
1.19 0.110844 0.110844 0.962451 0.130987 
1.2 0.111695 0.111695 0.961796 0.132171 
1.21 0.112545 0.112545 0.961135 0.133356 
1.22 0.113394 0.113394 0.960468 0.134543 
1.23 0.114241 0.114241 0.959795 0.13573 
1.24 0.115087 0.115087 0.959117 0.136918 
1.25 0.115931 0.115931 0.958432 0.138108 
1.26 0.116773 0.116773 0.957742 0.139298 
1.27 0.117614 0.117614 0.957045 0.140489 
1.28 0.118454 0.118454 0.956343 0.141681 
1.29 0.119291 0.119291 0.955634 0.142875 
1.3 0.120128 0.120128 0.95492 0.144069 
1.31 0.120963 0.120963 0.9542 0.145264 
1.32 0.121796 0.121796 0.953473 0.14646 
1.33 0.122628 0.122628 0.952741 0.147657 
1.34 0.123458 0.123458 0.952003 0.148855 
1.35 0.124286 0.124286 0.951258 0.150054 
1.36 0.125113 0.125113 0.950508 0.151254 
1.37 0.125939 0.125939 0.949752 0.152455 
1.38 0.126762 0.126762 0.94899 0.153656 
1.39 0.127585 0.127585 0.948221 0.154859 
1.4 0.128405 0.128405 0.947447 0.156062 
1.41 0.129224 0.129224 0.946667 0.157266 
1.42 0.130042 0.130042 0.94588 0.158472 
1.43 0.130858 0.130858 0.945088 0.159678 
1.44 0.131672 0.131672 0.94429 0.160884 
1.45 0.132484 0.132484 0.943485 0.162092 
1.46 0.133295 0.133295 0.942675 0.1633 
1.47 0.134105 0.134105 0.941858 0.16451 
1.48 0.134913 0.134913 0.941036 0.16572 
1.49 0.135719 0.135719 0.940207 0.166931 
1.5 0.136523 0.136523 0.939372 0.168142 
1.51 0.137326 0.137326 0.938532 0.169355 
1.52 0.138127 0.138127 0.937685 0.170568 
1.53 0.138927 0.138927 0.936832 0.171782 
1.54 0.139725 0.139725 0.935973 0.172996 
1.55 0.140521 0.140521 0.935108 0.174212 
1.56 0.141315 0.141315 0.934237 0.175428 
1.57 0.142108 0.142108 0.93336 0.176645 
1.58 0.1429 0.1429 0.932477 0.177863 
1.59 0.143689 0.143689 0.931588 0.179081 
1.6 0.144477 0.144477 0.930692 0.1803 
1.61 0.145263 0.145263 0.929791 0.181519 
1.62 0.146048 0.146048 0.928883 0.18274 
1.63 0.146831 0.146831 0.927969 0.183961 
1.64 0.147612 0.147612 0.92705 0.185182 
1.65 0.148391 0.148391 0.926124 0.186405 
1.66 0.149169 0.149169 0.925192 0.187628 
1.67 0.149945 0.149945 0.924253 0.188851 
1.68 0.150719 0.150719 0.923309 0.190075 
1.69 0.151492 0.151492 0.922359 0.1913 
1.7 0.152263 0.152263 0.921402 0.192525 
1.71 0.153032 0.153032 0.92044 0.193751 
1.72 0.153799 0.153799 0.919471 0.194978 
1.73 0.154565 0.154565 0.918496 0.196205 
1.74 0.155329 0.155329 0.917515 0.197432 
1.75 0.156091 0.156091 0.916528 0.198661 
1.76 0.156852 0.156852 0.915535 0.199889 
1.77 0.15761 0.15761 0.914535 0.201119 
1.78 0.158367 0.158367 0.91353 0.202348 
1.79 0.159122 0.159122 0.912518 0.203579 
1.8 0.159876 0.159876 0.9115 0.204809 
1.81 0.160627 0.160627 0.910476 0.206041 
1.82 0.161377 0.161377 0.909446 0.207272 
1.83 0.162125 0.162125 0.908409 0.208504 
1.84 0.162872 0.162872 0.907367 0.209737 
1.85 0.163616 0.163616 0.906318 0.21097 
1.86 0.164359 0.164359 0.905263 0.212204 
1.87 0.1651 0.1651 0.904202 0.213438 
1.88 0.165839 0.165839 0.903135 0.214672 
1.89 0.166576 0.166576 0.902062 0.215907 
1.9 0.167312 0.167312 0.900982 0.217142 
1.91 0.168045 0.168045 0.899896 0.218378 
1.92 0.168777 0.168777 0.898804 0.219614 
1.93 0.169507 0.169507 0.897706 0.22085 
1.94 0.170235 0.170235 0.896602 0.222087 
1.95 0.170962 0.170962 0.895492 0.223324 
1.96 0.171686 0.171686 0.894375 0.224561 
1.97 0.172409 0.172409 0.893252 0.225799 
1.98 0.17313 0.17313 0.892123 0.227037 
1.99 0.173849 0.173849 0.890988 0.228276 
2 0.174566 0.174566 0.889847 0.229514 
2.01 0.175281 0.175281 0.888699 0.230753 
2.02 0.175995 0.175995 0.887545 0.231992 
2.03 0.176706 0.176706 0.886385 0.233232 
2.04 0.177416 0.177416 0.885219 0.234472 
2.05 0.178124 0.178124 0.884047 0.235712 
2.06 0.17883 0.17883 0.882868 0.236952 
2.07 0.179534 0.179534 0.881684 0.238193 
2.08 0.180236 0.180236 0.880493 0.239433 
2.09 0.180936 0.180936 0.879295 0.240674 
2.1 0.181634 0.181634 0.878092 0.241916 
2.11 0.182331 0.182331 0.876883 0.243157 
2.12 0.183025 0.183025 0.875667 0.244398 
2.13 0.183718 0.183718 0.874445 0.24564 
2.14 0.184409 0.184409 0.873217 0.246882 
2.15 0.185098 0.185098 0.871982 0.248124 
2.16 0.185784 0.185784 0.870742 0.249366 
2.17 0.186469 0.186469 0.869495 0.250609 
2.18 0.187152 0.187152 0.868242 0.251851 
2.19 0.187833 0.187833 0.866982 0.253094 
2.2 0.188513 0.188513 0.865717 0.254336 
2.21 0.18919 0.18919 0.864445 0.255579 
2.22 0.189865 0.189865 0.863167 0.256822 
2.23 0.190538 0.190538 0.861883 0.258065 
2.24 0.19121 0.19121 0.860593 0.259308 
2.25 0.191879 0.191879 0.859296 0.260551 
2.26 0.192547 0.192547 0.857994 0.261794 
2.27 0.193212 0.193212 0.856685 0.263037 
2.28 0.193875 0.193875 0.855369 0.26428 
2.29 0.194537 0.194537 0.854048 0.265523 
2.3 0.195196 0.195196 0.85272 0.266766 
2.31 0.195854 0.195854 0.851387 0.268009 
2.32 0.19651 0.19651 0.850047 0.269252 
2.33 0.197163 0.197163 0.8487 0.270495 
2.34 0.197815 0.197815 0.847348 0.271738 
2.35 0.198464 0.198464 0.845989 0.272981 
2.36 0.199112 0.199112 0.844624 0.274224 
2.37 0.199757 0.199757 0.843253 0.275467 
2.38 0.200401 0.200401 0.841876 0.27671 
2.39 0.201042 0.201042 0.840492 0.277953 
2.4 0.201682 0.201682 0.839102 0.279195 
2.41 0.202319 0.202319 0.837706 0.280438 
2.42 0.202954 0.202954 0.836304 0.28168 
2.43 0.203588 0.203588 0.834896 0.282922 
2.44 0.204219 0.204219 0.833481 0.284164 
2.45 0.204848 0.204848 0.83206 0.285406 
2.46 0.205476 0.205476 0.830633 0.286648 
2.47 0.206101 0.206101 0.8292 0.28789 
2.48 0.206724 0.206724 0.827761 0.289131 
2.49 0.207345 0.207345 0.826315 0.290372 
2.5 0.207964 0.207964 0.824863 0.291613 
2.51 0.208581 0.208581 0.823405 0.292854 
2.52 0.209196 0.209196 0.821941 0.294095 
2.53 0.209808 0.209808 0.82047 0.295335 
2.54 0.210419 0.210419 0.818994 0.296575 
2.55 0.211027 0.211027 0.817511 0.297815 
2.56 0.211634 0.211634 0.816022 0.299054 
2.57 0.212238 0.212238 0.814527 0.300294 
2.58 0.212841 0.212841 0.813025 0.301533 
2.59 0.213441 0.213441 0.811517 0.302771 
2.6 0.214039 0.214039 0.810004 0.30401 
2.61 0.214635 0.214635 0.808483 0.305248 
2.62 0.215229 0.215229 0.806957 0.306486 
2.63 0.21582 0.21582 0.805425 0.307723 
2.64 0.21641 0.21641 0.803886 0.30896 
2.65 0.216998 0.216998 0.802341 0.310197 
2.66 0.217583 0.217583 0.80079 0.311433 
2.67 0.218166 0.218166 0.799233 0.312669 
2.68 0.218747 0.218747 0.79767 0.313905 
2.69 0.219326 0.219326 0.7961 0.31514 
2.7 0.219903 0.219903 0.794525 0.316375 
2.71 0.220477 0.220477 0.792943 0.317609 
2.72 0.22105 0.22105 0.791355 0.318843 
2.73 0.22162 0.22162 0.789761 0.320076 
2.74 0.222188 0.222188 0.78816 0.321309 
2.75 0.222754 0.222754 0.786554 0.322542 
2.76 0.223318 0.223318 0.784941 0.323774 
2.77 0.22388 0.22388 0.783322 0.325005 
2.78 0.224439 0.224439 0.781697 0.326237 
2.79 0.224996 0.224996 0.780066 0.327467 
2.8 0.225552 0.225552 0.778429 0.328697 
2.81 0.226104 0.226104 0.776785 0.329927 
2.82 0.226655 0.226655 0.775135 0.331156 
2.83 0.227204 0.227204 0.77348 0.332384 
2.84 0.22775 0.22775 0.771818 0.333612 
2.85 0.228294 0.228294 0.77015 0.334839 
2.86 0.228836 0.228836 0.768475 0.336066 
2.87 0.229375 0.229375 0.766795 0.337292 
2.88 0.229913 0.229913 0.765109 0.338518 
2.89 0.230448 0.230448 0.763416 0.339743 
2.9 0.230981 0.230981 0.761717 0.340967 
2.91 0.231512 0.231512 0.760013 0.342191 
2.92 0.23204 0.23204 0.758302 0.343414 
2.93 0.232567 0.232567 0.756584 0.344636 
2.94 0.233091 0.233091 0.754861 0.345858 
2.95 0.233612 0.233612 0.753132 0.347079 
2.96 0.234132 0.234132 0.751397 0.348299 
2.97 0.234649 0.234649 0.749655 0.349519 
2.98 0.235164 0.235164 0.747908 0.350738 
2.99 0.235677 0.235677 0.746154 0.351956 
3 0.236187 0.236187 0.744394 0.353174 
3.01 0.236696 0.236696 0.742628 0.35439 
3.02 0.237201 0.237201 0.740856 0.355606 
3.03 0.237705 0.237705 0.739078 0.356822 
3.04 0.238206 0.238206 0.737294 0.358036 
3.05 0.238706 0.238706 0.735504 0.35925 
3.06 0.239202 0.239202 0.733708 0.360463 
3.07 0.239697 0.239697 0.731905 0.361675 
3.08 0.240189 0.240189 0.730097 0.362886 
3.09 0.240679 0.240679 0.728283 0.364097 
3.1 0.241167 0.241167 0.726462 0.365306 
3.11 0.241652 0.241652 0.724636 0.366515 
3.12 0.242135 0.242135 0.722803 0.367723 
3.13 0.242616 0.242616 0.720964 0.36893 
3.14 0.243094 0.243094 0.71912 0.370136 
3.15 0.24357 0.24357 0.717269 0.371342 
3.16 0.244044 0.244044 0.715412 0.372546 
3.17 0.244515 0.244515 0.71355 0.373749 
3.18 0.244984 0.244984 0.711681 0.374952 
3.19 0.245451 0.245451 0.709806 0.376154 
3.2 0.245915 0.245915 0.707925 0.377354 
3.21 0.246377 0.246377 0.706039 0.378554 
3.22 0.246837 0.246837 0.704146 0.379753 
3.23 0.247294 0.247294 0.702247 0.380951 
3.24 0.247749 0.247749 0.700342 0.382148 
3.25 0.248202 0.248202 0.698432 0.383343 
3.26 0.248652 0.248652 0.696515 0.384538 
3.27 0.2491 0.2491 0.694592 0.385732 
3.28 0.249545 0.249545 0.692663 0.386925 
3.29 0.249988 0.249988 0.690729 0.388117 
3.3 0.250429 0.250429 0.688788 0.389307 
3.31 0.250867 0.250867 0.686842 0.390497 
3.32 0.251303 0.251303 0.684889 0.391686 
3.33 0.251737 0.251737 0.682931 0.392873 
3.34 0.252168 0.252168 0.680966 0.394059 
3.35 0.252597 0.252597 0.678996 0.395245 
3.36 0.253023 0.253023 0.67702 0.396429 
3.37 0.253447 0.253447 0.675038 0.397612 
3.38 0.253869 0.253869 0.67305 0.398794 
3.39 0.254288 0.254288 0.671056 0.399975 
3.4 0.254705 0.254705 0.669056 0.401154 
3.41 0.255119 0.255119 0.66705 0.402333 
3.42 0.255531 0.255531 0.665038 0.40351 
3.43 0.255941 0.255941 0.663021 0.404686 
3.44 0.256348 0.256348 0.660997 0.405861 
3.45 0.256752 0.256752 0.658968 0.407035 
3.46 0.257155 0.257155 0.656933 0.408207 
3.47 0.257554 0.257554 0.654892 0.409379 
3.48 0.257952 0.257952 0.652845 0.410549 
3.49 0.258347 0.258347 0.650792 0.411717 
3.5 0.258739 0.258739 0.648734 0.412885 
3.51 0.259129 0.259129 0.646669 0.414051 
3.52 0.259517 0.259517 0.644599 0.415216 
3.53 0.259902 0.259902 0.642523 0.41638 
3.54 0.260284 0.260284 0.640441 0.417542 
3.55 0.260664 0.260664 0.638353 0.418703 
3.56 0.261042 0.261042 0.63626 0.419863 
3.57 0.261417 0.261417 0.63416 0.421021 
3.58 0.26179 0.26179 0.632055 0.422178 
3.59 0.26216 0.26216 0.629945 0.423334 
3.6 0.262528 0.262528 0.627828 0.424488 
3.61 0.262893 0.262893 0.625705 0.425641 
3.62 0.263256 0.263256 0.623577 0.426792 
3.63 0.263617 0.263617 0.621443 0.427942 
3.64 0.263974 0.263974 0.619304 0.429091 
3.65 0.26433 0.26433 0.617158 0.430238 
3.66 0.264683 0.264683 0.615007 0.431384 
3.67 0.265033 0.265033 0.61285 0.432528 
3.68 0.265381 0.265381 0.610687 0.433671 
3.69 0.265726 0.265726 0.608519 0.434813 
3.7 0.266069 0.266069 0.606345 0.435953 
3.71 0.266409 0.266409 0.604165 0.437091 
3.72 0.266747 0.266747 0.60198 0.438228 
3.73 0.267082 0.267082 0.599789 0.439364 
3.74 0.267415 0.267415 0.597592 0.440498 
3.75 0.267745 0.267745 0.595389 0.44163 
3.76 0.268073 0.268073 0.593181 0.442761 
3.77 0.268398 0.268398 0.590967 0.44389 
3.78 0.26872 0.26872 0.588748 0.445018 
3.79 0.26904 0.26904 0.586523 0.446144 
3.8 0.269358 0.269358 0.584292 0.447269 
3.81 0.269673 0.269673 0.582056 0.448392 
3.82 0.269985 0.269985 0.579814 0.449513 
3.83 0.270295 0.270295 0.577566 0.450633 
3.84 0.270602 0.270602 0.575313 0.451751 
3.85 0.270907 0.270907 0.573054 0.452868 
3.86 0.271209 0.271209 0.57079 0.453983 
3.87 0.271509 0.271509 0.56852 0.455096 
3.88 0.271806 0.271806 0.566244 0.456207 
3.89 0.2721 0.2721 0.563963 0.457317 
3.9 0.272392 0.272392 0.561677 0.458425 
3.91 0.272681 0.272681 0.559385 0.459532 
3.92 0.272968 0.272968 0.557087 0.460637 
3.93 0.273252 0.273252 0.554784 0.46174 
3.94 0.273534 0.273534 0.552475 0.462841 
3.95 0.273813 0.273813 0.550161 0.46394 
3.96 0.274089 0.274089 0.547841 0.465038 
3.97 0.274363 0.274363 0.545516 0.466134 
3.98 0.274634 0.274634 0.543185 0.467228 
3.99 0.274902 0.274902 0.540849 0.468321 
4 0.275168 0.275168 0.538508 0.469412 
4.01 0.275432 0.275432 0.536161 0.4705 
4.02 0.275692 0.275692 0.533808 0.471587 
4.03 0.27595 0.27595 0.53145 0.472673 
4.04 0.276206 0.276206 0.529087 0.473756 
4.05 0.276459 0.276459 0.526718 0.474837 
4.06 0.276709 0.276709 0.524344 0.475917 
4.07 0.276957 0.276957 0.521964 0.476995 
4.08 0.277202 0.277202 0.519579 0.478071 
4.09 0.277444 0.277444 0.517189 0.479145 
4.1 0.277684 0.277684 0.514793 0.480217 
4.11 0.277921 0.277921 0.512392 0.481287 
4.12 0.278155 0.278155 0.509986 0.482355 
4.13 0.278387 0.278387 0.507574 0.483421 
4.14 0.278616 0.278616 0.505157 0.484486 
4.15 0.278843 0.278843 0.502734 0.485548 
4.16 0.279067 0.279067 0.500307 0.486609 
4.17 0.279288 0.279288 0.497874 0.487667 
4.18 0.279507 0.279507 0.495435 0.488724 
4.19 0.279723 0.279723 0.492992 0.489778 
4.2 0.279936 0.279936 0.490543 0.49083 
4.21 0.280147 0.280147 0.488089 0.491881 
4.22 0.280354 0.280354 0.485629 0.492929 
4.23 0.28056 0.28056 0.483165 0.493976 
4.24 0.280762 0.280762 0.480695 0.49502 
4.25 0.280962 0.280962 0.47822 0.496062 
4.26 0.28116 0.28116 0.475739 0.497102 
4.27 0.281354 0.281354 0.473254 0.49814 
4.28 0.281546 0.281546 0.470763 0.499176 
4.29 0.281735 0.281735 0.468267 0.50021 
4.3 0.281922 0.281922 0.465766 0.501242 
4.31 0.282106 0.282106 0.46326 0.502271 
4.32 0.282287 0.282287 0.460749 0.503299 
4.33 0.282465 0.282465 0.458232 0.504324 
4.34 0.282641 0.282641 0.45571 0.505347 
4.35 0.282814 0.282814 0.453184 0.506368 
4.36 0.282984 0.282984 0.450652 0.507387 
4.37 0.283152 0.283152 0.448115 0.508404 
4.38 0.283317 0.283317 0.445573 0.509418 
4.39 0.283479 0.283479 0.443026 0.51043 
4.4 0.283639 0.283639 0.440474 0.51144 
4.41 0.283796 0.283796 0.437916 0.512448 
4.42 0.28395 0.28395 0.435354 0.513454 
4.43 0.284101 0.284101 0.432787 0.514457 
4.44 0.28425 0.28425 0.430215 0.515458 
4.45 0.284396 0.284396 0.427637 0.516457 
4.46 0.284539 0.284539 0.425055 0.517453 
4.47 0.28468 0.28468 0.422468 0.518447 
4.48 0.284817 0.284817 0.419876 0.519439 
4.49 0.284953 0.284953 0.417278 0.520429 
4.5 0.285085 0.285085 0.414676 0.521416 
4.51 0.285214 0.285214 0.412069 0.522401 
4.52 0.285341 0.285341 0.409457 0.523383 
4.53 0.285465 0.285465 0.40684 0.524363 
4.54 0.285587 0.285587 0.404218 0.525341 
4.55 0.285705 0.285705 0.401592 0.526316 
4.56 0.285821 0.285821 0.39896 0.527289 
4.57 0.285934 0.285934 0.396324 0.52826 
4.58 0.286045 0.286045 0.393682 0.529228 
4.59 0.286152 0.286152 0.391036 0.530194 
4.6 0.286257 0.286257 0.388385 0.531157 
4.61 0.286359 0.286359 0.38573 0.532118 
4.62 0.286459 0.286459 0.383069 0.533077 
4.63 0.286555 0.286555 0.380404 0.534033 
4.64 0.286649 0.286649 0.377733 0.534986 
4.65 0.28674 0.28674 0.375058 0.535937 
4.66 0.286829 0.286829 0.372379 0.536886 
4.67 0.286914 0.286914 0.369694 0.537832 
4.68 0.286997 0.286997 0.367005 0.538775 
4.69 0.287077 0.287077 0.364311 0.539716 
4.7 0.287154 0.287154 0.361613 0.540655 
4.71 0.287229 0.287229 0.358909 0.541591 
4.72 0.2873 0.2873 0.356201 0.542524 
4.73 0.287369 0.287369 0.353489 0.543455 
4.74 0.287435 0.287435 0.350772 0.544383 
4.75 0.287499 0.287499 0.34805 0.545309 
4.76 0.287559 0.287559 0.345323 0.546232 
4.77 0.287617 0.287617 0.342592 0.547152 
4.78 0.287672 0.287672 0.339856 0.54807 
4.79 0.287724 0.287724 0.337116 0.548985 
4.8 0.287774 0.287774 0.334371 0.549898 
4.81 0.28782 0.28782 0.331621 0.550808 
4.82 0.287864 0.287864 0.328867 0.551715 
4.83 0.287905 0.287905 0.326109 0.55262 
4.84 0.287943 0.287943 0.323346 0.553521 
4.85 0.287979 0.287979 0.320578 0.554421 
4.86 0.288011 0.288011 0.317806 0.555317 
4.87 0.288041 0.288041 0.315029 0.556211 
4.88 0.288068 0.288068 0.312248 0.557102 
4.89 0.288092 0.288092 0.309463 0.557991 
4.9 0.288114 0.288114 0.306673 0.558876 
4.91 0.288132 0.288132 0.303879 0.559759 
4.92 0.288148 0.288148 0.30108 0.560639 
4.93 0.288161 0.288161 0.298277 0.561517 
4.94 0.288171 0.288171 0.295469 0.562391 
4.95 0.288178 0.288178 0.292657 0.563263 
4.96 0.288183 0.288183 0.289841 0.564132 
4.97 0.288184 0.288184 0.28702 0.564998 
4.98 0.288183 0.288183 0.284195 0.565862 
4.99 0.288179 0.288179 0.281366 0.566722 
5 0.288172 0.288172 0.278532 0.56758 
5.01 0.288163 0.288163 0.275694 0.568435 
5.02 0.28815 0.28815 0.272852 0.569287 
5.03 0.288135 0.288135 0.270006 0.570136 
5.04 0.288117 0.288117 0.267155 0.570982 
5.05 0.288096 0.288096 0.2643 0.571826 
5.06 0.288072 0.288072 0.261441 0.572666 
5.07 0.288045 0.288045 0.258578 0.573504 
5.08 0.288016 0.288016 0.25571 0.574338 
5.09 0.287984 0.287984 0.252838 0.57517 
5.1 0.287949 0.287949 0.249963 0.575999 
5.11 0.287911 0.287911 0.247083 0.576825 
5.12 0.28787 0.28787 0.244198 0.577648 
5.13 0.287826 0.287826 0.24131 0.578468 
5.14 0.28778 0.28778 0.238418 0.579285 
5.15 0.28773 0.28773 0.235521 0.580099 
5.16 0.287678 0.287678 0.232621 0.58091 
5.17 0.287623 0.287623 0.229716 0.581718 
5.18 0.287565 0.287565 0.226808 0.582522 
5.19 0.287504 0.287504 0.223895 0.583324 
5.2 0.287441 0.287441 0.220979 0.584123 
5.21 0.287374 0.287374 0.218058 0.584919 
5.22 0.287305 0.287305 0.215133 0.585712 
5.23 0.287233 0.287233 0.212205 0.586502 
5.24 0.287158 0.287158 0.209272 0.587288 
5.25 0.28708 0.28708 0.206336 0.588072 
5.26 0.286999 0.286999 0.203395 0.588852 
5.27 0.286915 0.286915 0.200451 0.58963 
5.28 0.286829 0.286829 0.197503 0.590404 
5.29 0.28674 0.28674 0.194551 0.591175 
5.3 0.286647 0.286647 0.191595 0.591943 
5.31 0.286552 0.286552 0.188635 0.592708 
5.32 0.286454 0.286454 0.185672 0.59347 
5.33 0.286354 0.286354 0.182705 0.594229 
5.34 0.28625 0.28625 0.179733 0.594984 
5.35 0.286144 0.286144 0.176758 0.595736 
5.36 0.286034 0.286034 0.17378 0.596485 
5.37 0.285922 0.285922 0.170797 0.597231 
5.38 0.285807 0.285807 0.167811 0.597974 
5.39 0.285689 0.285689 0.164821 0.598713 
5.4 0.285568 0.285568 0.161828 0.599449 
5.41 0.285444 0.285444 0.158831 0.600182 
5.42 0.285318 0.285318 0.15583 0.600912 
5.43 0.285188 0.285188 0.152825 0.601638 
5.44 0.285056 0.285056 0.149817 0.602362 
5.45 0.28492 0.28492 0.146805 0.603082 
5.46 0.284782 0.284782 0.14379 0.603798 
5.47 0.284641 0.284641 0.140771 0.604512 
5.48 0.284497 0.284497 0.137748 0.605222 
5.49 0.284351 0.284351 0.134722 0.605928 
5.5 0.284201 0.284201 0.131692 0.606632 
5.51 0.284049 0.284049 0.128659 0.607332 
5.52 0.283893 0.283893 0.125623 0.608029 
5.53 0.283735 0.283735 0.122582 0.608722 
5.54 0.283574 0.283574 0.119539 0.609412 
5.55 0.28341 0.28341 0.116492 0.610099 
5.56 0.283243 0.283243 0.113441 0.610782 
5.57 0.283073 0.283073 0.110387 0.611462 
5.58 0.2829 0.2829 0.10733 0.612139 
5.59 0.282725 0.282725 0.104269 0.612812 
5.6 0.282546 0.282546 0.101205 0.613481 
5.61 0.282365 0.282365 0.0981378 0.614148 
5.62 0.282181 0.282181 0.0950671 0.614811 
5.63 0.281994 0.281994 0.0919931 0.61547 
5.64 0.281804 0.281804 0.0889157 0.616126 
5.65 0.281611 0.281611 0.0858351 0.616779 
5.66 0.281415 0.281415 0.0827512 0.617428 
5.67 0.281216 0.281216 0.079664 0.618073 
5.68 0.281015 0.281015 0.0765737 0.618715 
5.69 0.28081 0.28081 0.0734801 0.619354 
5.7 0.280603 0.280603 0.0703833 0.619989 
5.71 0.280393 0.280393 0.0672834 0.620621 
5.72 0.28018 0.28018 0.0641803 0.621249 
5.73 0.279964 0.279964 0.061074 0.621873 
5.74 0.279745 0.279745 0.0579647 0.622494 
5.75 0.279523 0.279523 0.0548522 0.623112 
5.76 0.279298 0.279298 0.0517366 0.623726 
5.77 0.279071 0.279071 0.048618 0.624336 
5.78 0.27884 0.27884 0.0454963 0.624943 
5.79 0.278607 0.278607 0.0423716 0.625546 
5.8 0.278371 0.278371 0.0392439 0.626145 
5.81 0.278132 0.278132 0.0361132 0.626741 
5.82 0.27789 0.27789 0.0329795 0.627334 
5.83 0.277645 0.277645 0.0298428 0.627923 
5.84 0.277397 0.277397 0.0267032 0.628508 
5.85 0.277146 0.277146 0.0235606 0.629089 
5.86 0.276893 0.276893 0.0204152 0.629667 
5.87 0.276636 0.276636 0.0172669 0.630241 
5.88 0.276377 0.276377 0.0141157 0.630812 
5.89 0.276114 0.276114 0.0109616 0.631379 
5.9 0.275849 0.275849 0.0078047 0.631942 
5.91 0.275581 0.275581 0.00464499 0.632501 
5.92 0.27531 0.27531 0.00148249 0.633057 
5.93 0.275037 0.275037 0 0.633609 
5.94 0.274761 0.274761 0 0.634159 
5.95 0.274487 0.274487 0 0.634709 
5.96 0.274212 0.274212 0 0.635258 
5.97 0.273938 0.273938 0 0.635806 
5.98 0.273664 0.273664 0 0.636354 
5.99 0.27339 0.27339 0 0.636901 
6 0.273117 0.273117 0 0.637448 
6.01 0.272844 0.272844 0 0.637994 
6.02 0.272571 0.272571 0 0.63854 
6.03 0.272299 0.272299 0 0.639085 
6.04 0.272026 0.272026 0 0.63963 
6.05 0.271754 0.271754 0 0.640174 
6.06 0.271482 0.271482 0 0.640717 
6.07 0.271211 0.271211 0 0.64126 
6.08 0.27094 0.27094 0 0.641803 
6.09 0.270669 0.270669 0 0.642345 
6.1 0.270398 0.270398 0 0.642886 
6.11 0.270128 0.270128 0 0.643427 
6.12 0.269858 0.269858 0 0.643967 
6.13 0.269588 0.269588 0 0.644507 
6.14 0.269318 0.269318 0 0.645046 
6.15 0.269049 0.269049 0 0.645585 
6.16 0.26878 0.26878 0 0.646123 
6.17 0.268511 0.268511 0 0.64666 
6.18 0.268242 0.268242 0 0.647197 
6.19 0.267974 0.267974 0 0.647734 
6.2 0.267706 0.267706 0 0.64827 
6.21 0.267439 0.267439 0 0.648805 
6.22 0.267171 0.267171 0 0.64934 
6.23 0.266904 0.266904 0 0.649874 
6.24 0.266637 0.266637 0 0.650408 
6.25 0.26637 0.26637 0 0.650941 
6.26 0.266104 0.266104 0 0.651474 
6.27 0.265838 0.265838 0 0.652006 
6.28 0.265572 0.265572 0 0.652538 
6.29 0.265307 0.265307 0 0.653069 
6.3 0.265041 0.265041 0 0.6536 
6.31 0.264776 0.264776 0 0.65413 
6.32 0.264511 0.264511 0 0.654659 
6.33 0.264247 0.264247 0 0.655188 
6.34 0.263983 0.263983 0 0.655717 
6.35 0.263719 0.263719 0 0.656245 
6.36 0.263455 0.263455 0 0.656772 
6.37 0.263191 0.263191 0 0.657299 
6.38 0.262928 0.262928 0 0.657826 
6.39 0.262665 0.262665 0 0.658352 
6.4 0.262403 0.262403 0 0.658877 
6.41 0.26214 0.26214 0 0.659402 
6.42 0.261878 0.261878 0 0.659926 
6.43 0.261616 0.261616 0 0.66045 
6.44 0.261355 0.261355 0 0.660973 
6.45 0.261093 0.261093 0 0.661496 
6.46 0.260832 0.260832 0 0.662018 
6.47 0.260571 0.260571 0 0.662539 
6.48 0.260311 0.260311 0 0.663061 
6.49 0.260051 0.260051 0 0.663581 
6.5 0.25979 0.25979 0 0.664101 
6.51 0.259531 0.259531 0 0.664621 
6.52 0.259271 0.259271 0 0.66514 
6.53 0.259012 0.259012 0 0.665659 
6.54 0.258753 0.258753 0 0.666177 
6.55 0.258494 0.258494 0 0.666694 
6.56 0.258236 0.258236 0 0.667211 
6.57 0.257977 0.257977 0 0.667728 
6.58 0.257719 0.257719 0 0.668243 
6.59 0.257462 0.257462 0 0.668759 
6.6 0.257204 0.257204 0 0.669274 
6.61 0.256947 0.256947 0 0.669788 
6.62 0.25669 0.25669 0 0.670302 
6.63 0.256433 0.256433 0 0.670816 
6.64 0.256177 0.256177 0 0.671328 
6.65 0.255921 0.255921 0 0.671841 
6.66 0.255665 0.255665 0 0.672353 
6.67 0.255409 0.255409 0 0.672864 
6.68 0.255154 0.255154 0 0.673375 
6.69 0.254899 0.254899 0 0.673885 
6.7 0.254644 0.254644 0 0.674395 
6.71 0.254389 0.254389 0 0.674904 
6.72 0.254135 0.254135 0 0.675413 
6.73 0.253881 0.253881 0 0.675921 
6.74 0.253627 0.253627 0 0.676429 
6.75 0.253373 0.253373 0 0.676936 
6.76 0.25312 0.25312 0 0.677443 
6.77 0.252867 0.252867 0 0.677949 
6.78 0.252614 0.252614 0 0.678455 
6.79 0.252361 0.252361 0 0.67896 
6.8 0.252109 0.252109 0 0.679465 
6.81 0.251857 0.251857 0 0.679969 
6.82 0.251605 0.251605 0 0.680473 
6.83 0.251353 0.251353 0 0.680976 
6.84 0.251102 0.251102 0 0.681479 
6.85 0.250851 0.250851 0 0.681981 
6.86 0.2506 0.2506 0 0.682483 
6.87 0.250349 0.250349 0 0.682984 
6.88 0.250099 0.250099 0 0.683485 
6.89 0.249849 0.249849 0 0.683985 
6.9 0.249599 0.249599 0 0.684484 
6.91 0.249349 0.249349 0 0.684984 
6.92 0.2491 0.2491 0 0.685482 
6.93 0.248851 0.248851 0 0.685981 
6.94 0.248602 0.248602 0 0.686478 
6.95 0.248353 0.248353 0 0.686975 
6.96 0.248105 0.248105 0 0.687472 
6.97 0.247857 0.247857 0 0.687968 
6.98 0.247609 0.247609 0 0.688464 
6.99 0.247362 0.247362 0 0.688959 
7 0.247114 0.247114 0 0.689454 
7.01 0.246867 0.246867 0 0.689948 
7.02 0.24662 0.24662 0 0.690442 
7.03 0.246374 0.246374 0 0.690935 
7.04 0.246127 0.246127 0 0.691428 
7.05 0.245881 0.245881 0 0.69192 
7.06 0.245635 0.245635 0 0.692412 
7.07 0.24539 0.24539 0 0.692903 
7.08 0.245144 0.245144 0 0.693394 
7.09 0.244899 0.244899 0 0.693884 
7.1 0.244654 0.244654 0 0.694374 
7.11 0.244409 0.244409 0 0.694863 
7.12 0.244165 0.244165 0 0.695352 
7.13 0.243921 0.243921 0 0.695841 
7.14 0.243677 0.243677 0 0.696328 
7.15 0.243433 0.243433 0 0.696816 
7.16 0.24319 0.24319 0 0.697303 
7.17 0.242947 0.242947 0 0.697789 
7.18 0.242704 0.242704 0 0.698275 
7.19 0.242461 0.242461 0 0.69876 
7.2 0.242219 0.242219 0 0.699245 
7.21 0.241976 0.241976 0 0.69973 
7.22 0.241734 0.241734 0 0.700214 
7.23 0.241493 0.241493 0 0.700697 
7.24 0.241251 0.241251 0 0.70118 
7.25 0.24101 0.24101 0 0.701663 
7.26 0.240769 0.240769 0 0.702145 
7.27 0.240528 0.240528 0 0.702626 
7.28 0.240288 0.240288 0 0.703107 
7.29 0.240047 0.240047 0 0.703588 
7.3 0.239807 0.239807 0 0.704068 
7.31 0.239567 0.239567 0 0.704547 
7.32 0.239328 0.239328 0 0.705027 
7.33 0.239089 0.239089 0 0.705505 
7.34 0.238849 0.238849 0 0.705983 
7.35 0.238611 0.238611 0 0.706461 
7.36 0.238372 0.238372 0 0.706938 
7.37 0.238134 0.238134 0 0.707415 
7.38 0.237895 0.237895 0 0.707891 
7.39 0.237658 0.237658 0 0.708367 
7.4 0.23742 0.23742 0 0.708842 
7.41 0.237182 0.237182 0 0.709317 
7.42 0.236945 0.236945 0 0.709792 
7.43 0.236708 0.236708 0 0.710266 
7.44 0.236472 0.236472 0 0.710739 
7.45 0.236235 0.236235 0 0.711212 
7.46 0.235999 0.235999 0 0.711684 
7.47 0.235763 0.235763 0 0.712156 
7.48 0.235527 0.235527 0 0.712628 
7.49 0.235292 0.235292 0 0.713099 
7.5 0.235056 0.235056 0 0.71357 
7.51 0.234821 0.234821 0 0.71404 
7.52 0.234586 0.234586 0 0.714509 
7.53 0.234352 0.234352 0 0.714978 
7.54 0.234118 0.234118 0 0.715447 
7.55 0.233883 0.233883 0 0.715915 
7.56 0.23365 0.23365 0 0.716383 
7.57 0.233416 0.233416 0 0.71685 
7.58 0.233182 0.233182 0 0.717317 
7.59 0.232949 0.232949 0 0.717784 
7.6 0.232716 0.232716 0 0.71825 
7.61 0.232484 0.232484 0 0.718715 
7.62 0.232251 0.232251 0 0.71918 
7.63 0.232019 0.232019 0 0.719644 
7.64 0.231787 0.231787 0 0.720109 
7.65 0.231555 0.231555 0 0.720572 
7.66 0.231324 0.231324 0 0.721035 
7.67 0.231092 0.231092 0 0.721498 
7.68 0.230861 0.230861 0 0.72196 
7.69 0.23063 0.23063 0 0.722422 
7.7 0.2304 0.2304 0 0.722883 
7.71 0.230169 0.230169 0 0.723344 
7.72 0.229939 0.229939 0 0.723804 
7.73 0.229709 0.229709 0 0.724264 
7.74 0.229479 0.229479 0 0.724723 
7.75 0.22925 0.22925 0 0.725182 
7.76 0.229021 0.229021 0 0.725641 
7.77 0.228792 0.228792 0 0.726099 
7.78 0.228563 0.228563 0 0.726557 
7.79 0.228334 0.228334 0 0.727014 
7.8 0.228106 0.228106 0 0.72747 
7.81 0.227878 0.227878 0 0.727927 
7.82 0.22765 0.22765 0 0.728382 
7.83 0.227422 0.227422 0 0.728838 
7.84 0.227195 0.227195 0 0.729292 
7.85 0.226968 0.226968 0 0.729747 
7.86 0.226741 0.226741 0 0.730201 
7.87 0.226514 0.226514 0 0.730654 
7.88 0.226288 0.226288 0 0.731107 
7.89 0.226061 0.226061 0 0.73156 
7.9 0.225835 0.225835 0 0.732012 
7.91 0.225609 0.225609 0 0.732464 
7.92 0.225384 0.225384 0 0.732915 
7.93 0.225158 0.225158 0 0.733366 
7.94 0.224933 0.224933 0 0.733816 
7.95 0.224708 0.224708 0 0.734266 
7.96 0.224484 0.224484 0 0.734715 
7.97 0.224259 0.224259 0 0.735164 
7.98 0.224035 0.224035 0 0.735613 
7.99 0.223811 0.223811 0 0.736061 
8 0.223587 0.223587 0 0.736508 
8.01 0.223363 0.223363 0 0.736956 
8.02 0.22314 0.22314 0 0.737402 
8.03 0.222917 0.222917 0 0.737849 
8.04 0.222694 0.222694 0 0.738294 
8.05 0.222471 0.222471 0 0.73874 
8.06 0.222249 0.222249 0 0.739185 
8.07 0.222027 0.222027 0 0.739629 
8.08 0.221804 0.221804 0 0.740073 
8.09 0.221583 0.221583 0 0.740517 
8.1 0.221361 0.221361 0 0.74096 
8.11 0.22114 0.22114 0 0.741403 
8.12 0.220919 0.220919 0 0.741845 
8.13 0.220698 0.220698 0 0.742287 
8.14 0.220477 0.220477 0 0.742728 
8.15 0.220257 0.220257 0 0.743169 
8.16 0.220036 0.220036 0 0.74361 
8.17 0.219816 0.219816 0 0.74405 
8.18 0.219596 0.219596 0 0.744489 
8.19 0.219377 0.219377 0 0.744929 
8.2 0.219157 0.219157 0 0.745367 
8.21 0.218938 0.218938 0 0.745806 
8.22 0.218719 0.218719 0 0.746244 
8.23 0.218501 0.218501 0 0.746681 
8.24 0.218282 0.218282 0 0.747118 
8.25 0.218064 0.218064 0 0.747555 
8.26 0.217846 0.217846 0 0.747991 
8.27 0.217628 0.217628 0 0.748426 
8.28 0.21741 0.21741 0 0.748862 
8.29 0.217193 0.217193 0 0.749297 
8.3 0.216976 0.216976 0 0.749731 
8.31 0.216759 0.216759 0 0.750165 
8.32 0.216542 0.216542 0 0.750598 
8.33 0.216325 0.216325 0 0.751031 
8.34 0.216109 0.216109 0 0.751464 
8.35 0.215893 0.215893 0 0.751896 
8.36 0.215677 0.215677 0 0.752328 
8.37 0.215461 0.215461 0 0.752759 
8.38 0.215246 0.215246 0 0.75319 
8.39 0.215031 0.215031 0 0.753621 
8.4 0.214816 0.214816 0 0.754051 
8.41 0.214601 0.214601 0 0.754481 
8.42 0.214386 0.214386 0 0.75491 
8.43 0.214172 0.214172 0 0.755339 
8.44 0.213958 0.213958 0 0.755767 
8.45 0.213744 0.213744 0 0.756195 
8.46 0.21353 0.21353 0 0.756622 
8.47 0.213316 0.213316 0 0.757049 
8.48 0.213103 0.213103 0 0.757476 
8.49 0.21289 0.21289 0 0.757902 
8.5 0.212677 0.212677 0 0.758328 
8.51 0.212464 0.212464 0 0.758753 
8.52 0.212252 0.212252 0 0.759178 
8.53 0.21204 0.21204 0 0.759603 
8.54 0.211828 0.211828 0 0.760027 
8.55 0.211616 0.211616 0 0.76045 
8.56 0.211404 0.211404 0 0.760874 
8.57 0.211193 0.211193 0 0.761297 
8.58 0.210982 0.210982 0 0.761719 
8.59 0.210771 0.210771 0 0.762141 
8.6 0.21056 0.21056 0 0.762562 
8.61 0.210349 0.210349 0 0.762984 
8.62 0.210139 0.210139 0 0.763404 
8.63 0.209929 0.209929 0 0.763825 
8.64 0.209719 0.209719 0 0.764244 
8.65 0.209509 0.209509 0 0.764664 
8.66 0.2093 0.2093 0 0.765083 
8.67 0.20909 0.20909 0 0.765501 
8.68 0.208881 0.208881 0 0.76592 
8.69 0.208672 0.208672 0 0.766337 
8.7 0.208464 0.208464 0 0.766755 
8.71 0.208255 0.208255 0 0.767172 
8.72 0.208047 0.208047 0 0.767588 
8.73 0.207839 0.207839 0 0.768004 
8.74 0.207631 0.207631 0 0.76842 
8.75 0.207424 0.207424 0 0.768835 
8.76 0.207216 0.207216 0 0.76925 
8.77 0.207009 0.207009 0 0.769664 
8.78 0.206802 0.206802 0 0.770078 
8.79 0.206595 0.206595 0 0.770492 
8.8 0.206388 0.206388 0 0.770905 
8.81 0.206182 0.206182 0 0.771318 
8.82 0.205976 0.205976 0 0.77173 
8.83 0.20577 0.20577 0 0.772142 
8.84 0.205564 0.205564 0 0.772554 
8.85 0.205359 0.205359 0 0.772965 
8.86 0.205153 0.205153 0 0.773376 
8.87 0.204948 0.204948 0 0.773786 
8.88 0.204743 0.204743 0 0.774196 
8.89 0.204538 0.204538 0 0.774605 
8.9 0.204334 0.204334 0 0.775015 
8.91 0.20413 0.20413 0 0.775423 
8.92 0.203925 0.203925 0 0.775831 
8.93 0.203721 0.203721 0 0.776239 
8.94 0.203518 0.203518 0 0.776647 
8.95 0.203314 0.203314 0 0.777054 
8.96 0.203111 0.203111 0 0.77746 
8.97 0.202908 0.202908 0 0.777867 
8.98 0.202705 0.202705 0 0.778272 
8.99 0.202502 0.202502 0 0.778678 
9 0.2023 0.2023 0 0.779083 
9.01 0.202097 0.202097 0 0.779487 
9.02 0.201895 0.201895 0 0.779892 
9.03 0.201693 0.201693 0 0.780295 
9.04 0.201492 0.201492 0 0.780699 
9.05 0.20129 0.20129 0 0.781102 
9.06 0.201089 0.201089 0 0.781504 
9.07 0.200888 0.200888 0 0.781907 
9.08 0.200687 0.200687 0 0.782308 
9.09 0.200486 0.200486 0 0.78271 
9.1 0.200286 0.200286 0 0.783111 
9.11 0.200086 0.200086 0 0.783511 
9.12 0.199885 0.199885 0 0.783911 
9.13 0.199686 0.199686 0 0.784311 
9.14 0.199486 0.199486 0 0.784711 
9.15 0.199286 0.199286 0 0.78511 
9.16 0.199087 0.199087 0 0.785508 
9.17 0.198888 0.198888 0 0.785906 
9.18 0.198689 0.198689 0 0.786304 
9.19 0.19849 0.19849 0 0.786701 
9.2 0.198292 0.198292 0 0.787098 
9.21 0.198094 0.198094 0 0.787495 
9.22 0.197896 0.197896 0 0.787891 
9.23 0.197698 0.197698 0 0.788287 
9.24 0.1975 0.1975 0 0.788682 
9.25 0.197302 0.197302 0 0.789077 
9.26 0.197105 0.197105 0 0.789472 
9.27 0.196908 0.196908 0 0.789866 
9.28 0.196711 0.196711 0 0.79026 
9.29 0.196514 0.196514 0 0.790653 
9.3 0.196318 0.196318 0 0.791046 
9.31 0.196122 0.196122 0 0.791439 
9.32 0.195925 0.195925 0 0.791831 
9.33 0.19573 0.19573 0 0.792223 
9.34 0.195534 0.195534 0 0.792615 
9.35 0.195338 0.195338 0 0.793006 
9.36 0.195143 0.195143 0 0.793396 
9.37 0.194948 0.194948 0 0.793787 
9.38 0.194753 0.194753 0 0.794177 
9.39 0.194558 0.194558 0 0.794566 
9.4 0.194364 0.194364 0 0.794955 
9.41 0.194169 0.194169 0 0.795344 
9.42 0.193975 0.193975 0 0.795732 
9.43 0.193781 0.193781 0 0.79612 
9.44 0.193587 0.193587 0 0.796508 
9.45 0.193394 0.193394 0 0.796895 
9.46 0.1932 0.1932 0 0.797282 
9.47 0.193007 0.193007 0 0.797668 
9.48 0.192814 0.192814 0 0.798054 
9.49 0.192621 0.192621 0 0.79844 
9.5 0.192429 0.192429 0 0.798825 
9.51 0.192236 0.192236 0 0.79921 
9.52 0.192044 0.192044 0 0.799594 
9.53 0.191852 0.191852 0 0.799978 
9.54 0.19166 0.19166 0 0.800362 
9.55 0.191468 0.191468 0 0.800745 
9.56 0.191277 0.191277 0 0.801128 
9.57 0.191086 0.191086 0 0.801511 
9.58 0.190895 0.190895 0 0.801893 
9.59 0.190704 0.190704 0 0.802275 
9.6 0.190513 0.190513 0 0.802656 
9.61 0.190322 0.190322 0 0.803037 
9.62 0.190132 0.190132 0 0.803418 
9.63 0.189942 0.189942 0 0.803798 
9.64 0.189752 0.189752 0 0.804178 
9.65 0.189562 0.189562 0 0.804558 
9.66 0.189373 0.189373 0 0.804937 
9.67 0.189183 0.189183 0 0.805316 
9.68 0.188994 0.188994 0 0.805694 
9.69 0.188805 0.188805 0 0.806072 
9.7 0.188616 0.188616 0 0.806449 
9.71 0.188428 0.188428 0 0.806827 
9.72 0.188239 0.188239 0 0.807204 
9.73 0.188051 0.188051 0 0.80758 
9.74 0.187863 0.187863 0 0.807956 
9.75 0.187675 0.187675 0 0.808332 
9.76 0.187488 0.187488 0 0.808707 
9.77 0.1873 0.1873 0 0.809082 
9.78 0.187113 0.187113 0 0.809457 
9.79 0.186926 0.186926 0 0.809831 
9.8 0.186739 0.186739 0 0.810205 
9.81 0.186552 0.186552 0 0.810578 
9.82 0.186365 0.186365 0 0.810951 
9.83 0.186179 0.186179 0 0.811324 
9.84 0.185993 0.185993 0 0.811697 
9.85 0.185807 0.185807 0 0.812069 
9.86 0.185621 0.185621 0 0.81244 
9.87 0.185435 0.185435 0 0.812811 
9.88 0.18525 0.18525 0 0.813182 
9.89 0.185065 0.185065 0 0.813553 
9.9 0.18488 0.18488 0 0.813923 
9.91 0.184695 0.184695 0 0.814293 
9.92 0.18451 0.18451 0 0.814662 
9.93 0.184326 0.184326 0 0.815031 
9.94 0.184141 0.184141 0 0.8154 
9.95 0.183957 0.183957 0 0.815768 
9.96 0.183773 0.183773 0 0.816136 
9.97 0.183589 0.183589 0 0.816503 
9.98 0.183406 0.183406 0 0.816871 
9.99 0.183222 0.183222 0 0.817237 
10 0.183039 0.183039 0 0.817604 

