0 30 10
1 30 12.5
2 29.25 15.625
3 27.6047 19.4141
4 25.006 23.8026
5 21.5545 28.5645
6 17.553 33.2932
7 13.4644 37.4725
8 9.76537 40.6443
9 6.77284 42.5811
10 4.56617 43.336
11 3.04399 43.148
12 2.03497 42.3041
13 1.37759 41.0497
14 0.949852 39.5627
15 0.66905 37.9604
16 0.481981 36.3163
17 0.355141 34.6756
18 0.267508 33.0649
19 0.205807 31.5001
20 0.161559 29.99
21 0.129263 28.5389
22 0.105299 27.1489
23 0.0872415 25.82
24 0.0734399 24.5515
25 0.0627533 23.342
26 0.0543807 22.1895
27 0.047752 21.0921
28 0.0424553 20.0476
29 0.0381895 19.0537
30 0.034732 18.1083
31 0.0319158 17.2092
32 0.0296149 16.3542
33 0.0277331 15.5414
34 0.0261963 14.7686
35 0.0249471 14.034
36 0.0239408 13.3358
37 0.0231421 12.6722
38 0.0225237 12.0416
39 0.0220639 11.4422
40 0.0217457 10.8726
41 0.0215559 10.3313
42 0.0214845 9.817
43 0.0215238 9.32826
44 0.0216684 8.86385
45 0.0219146 8.42258
46 0.0222603 8.0033
47 0.0227048 7.60491
48 0.0232486 7.22639
49 0.0238934 6.86675
50 0.024642 6.52506
51 0.0254983 6.20041
52 0.0264671 5.89197
53 0.0275544 5.59893
54 0.0287671 5.32053
55 0.0301133 5.05603
56 0.0316021 4.80475
57 0.0332439 4.56604
58 0.0350503 4.33925
59 0.0370344 4.12381
60 0.0392106 3.91915
61 0.041595 3.72473
62 0.0442052 3.54004
63 0.0470608 3.3646
64 0.0501835 3.19796
65 0.053597 3.03966
66 0.0573275 2.88931
67 0.0614039 2.7465
68 0.0658578 2.61086
69 0.0707242 2.48204
70 0.0760412 2.35969
71 0.081851 2.2435
72 0.0881997 2.13316
73 0.0951383 2.02839
74 0.102722 1.9289
75 0.111013 1.83443
76 0.120078 1.74475
77 0.129991 1.6596
78 0.140832 1.57878
79 0.152692 1.50207
80 0.165668 1.42926
81 0.179867 1.36016
82 0.195407 1.2946
83 0.212418 1.2324
84 0.231042 1.1734
85 0.251435 1.11744
86 0.273769 1.06438
87 0.298232 1.01407
88 0.325031 0.966392
89 0.354393 0.921214
90 0.386568 0.878418
91 0.421829 0.837893
92 0.460477 0.799532
93 0.502843 0.763237
94 0.54929 0.728913
95 0.600215 0.696472
96 0.656056 0.665828
97 0.717293 0.636905
98 0.784454 0.609628
99 0.858117 0.583929
