0 0 0 1 
0.01 0.001 0.001 1.001 
0.02 0.002002 0.002002 1.002 
0.03 0.003006 0.003006 1.003 
0.04 0.00401201 0.00401201 1.00401 
0.05 0.00502003 0.00502003 1.00501 
0.06 0.00603006 0.00603006 1.00602 
0.07 0.00704211 0.00704211 1.00702 
0.08 0.00805617 0.00805617 1.00803 
0.09 0.00907225 0.00907225 1.00904 
0.1 0.0100904 0.0100904 1.01005 
0.11 0.0111105 0.0111105 1.01106 
0.12 0.0121327 0.0121327 1.01207 
0.13 0.0131569 0.0131569 1.01308 
0.14 0.0141831 0.0141831 1.01409 
0.15 0.0152114 0.0152114 1.01511 
0.16 0.0162417 0.0162417 1.01612 
0.17 0.017274 0.017274 1.01714 
0.18 0.0183085 0.0183085 1.01815 
0.19 0.0193449 0.0193449 1.01917 
0.2 0.0203834 0.0203834 1.02019 
0.21 0.021424 0.021424 1.02121 
0.22 0.0224666 0.0224666 1.02223 
0.23 0.0235113 0.0235113 1.02325 
0.24 0.0245581 0.0245581 1.02428 
0.25 0.025607 0.025607 1.0253 
0.26 0.0266579 0.0266579 1.02633 
0.27 0.0277108 0.0277108 1.02735 
0.28 0.0287659 0.0287659 1.02838 
0.29 0.0298231 0.0298231 1.02941 
0.3 0.0308823 0.0308823 1.03044 
0.31 0.0319436 0.0319436 1.03147 
0.32 0.033007 0.033007 1.0325 
0.33 0.0340725 0.0340725 1.03353 
0.34 0.0351401 0.0351401 1.03457 
0.35 0.0362098 0.0362098 1.0356 
0.36 0.0372817 0.0372817 1.03664 
0.37 0.0383556 0.0383556 1.03767 
0.38 0.0394316 0.0394316 1.03871 
0.39 0.0405097 0.0405097 1.03975 
0.4 0.04159 0.04159 1.04079 
0.41 0.0426724 0.0426724 1.04183 
0.42 0.0437569 0.0437569 1.04287 
0.43 0.0448435 0.0448435 1.04392 
0.44 0.0459323 0.0459323 1.04496 
0.45 0.0470232 0.0470232 1.046 
0.46 0.0481162 0.0481162 1.04705 
0.47 0.0492114 0.0492114 1.0481 
0.48 0.0503087 0.0503087 1.04915 
0.49 0.0514081 0.0514081 1.05019 
0.5 0.0525097 0.0525097 1.05124 
0.51 0.0536135 0.0536135 1.0523 
0.52 0.0547194 0.0547194 1.05335 
0.53 0.0558275 0.0558275 1.0544 
0.54 0.0569377 0.0569377 1.05546 
0.55 0.0580501 0.0580501 1.05651 
0.56 0.0591646 0.0591646 1.05757 
0.57 0.0602814 0.0602814 1.05863 
0.58 0.0614003 0.0614003 1.05968 
0.59 0.0625214 0.0625214 1.06074 
0.6 0.0636446 0.0636446 1.0618 
0.61 0.0647701 0.0647701 1.06287 
0.62 0.0658977 0.0658977 1.06393 
0.63 0.0670276 0.0670276 1.06499 
0.64 0.0681596 0.0681596 1.06606 
0.65 0.0692938 0.0692938 1.06712 
0.66 0.0704302 0.0704302 1.06819 
0.67 0.0715688 0.0715688 1.06926 
0.68 0.0727097 0.0727097 1.07033 
0.69 0.0738527 0.0738527 1.0714 
0.7 0.0749979 0.0749979 1.07247 
0.71 0.0761454 0.0761454 1.07354 
0.72 0.0772951 0.0772951 1.07462 
0.73 0.078447 0.078447 1.07569 
0.74 0.0796012 0.0796012 1.07677 
0.75 0.0807575 0.0807575 1.07784 
0.76 0.0819161 0.0819161 1.07892 
0.77 0.083077 0.083077 1.08 
0.78 0.08424 0.08424 1.08108 
0.79 0.0854054 0.0854054 1.08216 
0.8 0.0865729 0.0865729 1.08324 
0.81 0.0877427 0.0877427 1.08433 
0.82 0.0889148 0.0889148 1.08541 
0.83 0.0900891 0.0900891 1.0865 
0.84 0.0912657 0.0912657 1.08758 
0.85 0.0924446 0.0924446 1.08867 
0.86 0.0936257 0.0936257 1.08976 
0.87 0.0948091 0.0948091 1.09085 
0.88 0.0959947 0.0959947 1.09194 
0.89 0.0971827 0.0971827 1.09303 
0.9 0.0983729 0.0983729 1.09413 
0.91 0.0995654 0.0995654 1.09522 
0.92 0.10076 0.10076 1.09631 
0.93 0.101957 0.101957 1.09741 
0.94 0.103157 0.103157 1.09851 
0.95 0.104358 0.104358 1.09961 
0.96 0.105562 0.105562 1.10071 
0.97 0.106769 0.106769 1.10181 
0.98 0.107977 0.107977 1.10291 
0.99 0.109188 0.109188 1.10401 
1 0.110401 0.110401 1.10512 

