0 1
0.01 1.01001
0.02 1.02012
0.03 1.03033
0.04 1.04065
0.05 1.05106
0.06 1.06158
0.07 1.07221
0.08 1.08295
0.09 1.09379
0.1 1.10474
0.11 1.1158
0.12 1.12697
0.13 1.13825
0.14 1.14964
0.15 1.16115
0.16 1.17278
0.17 1.18452
0.18 1.19638
0.19 1.20836
0.2 1.22046
0.21 1.23268
0.22 1.24502
0.23 1.25748
0.24 1.27007
0.25 1.28279
0.26 1.29564
0.27 1.30861
0.28 1.32171
0.29 1.33495
0.3 1.34831
0.31 1.36181
0.32 1.37545
0.33 1.38922
0.34 1.40314
0.35 1.41719
0.36 1.43138
0.37 1.44571
0.38 1.46019
0.39 1.47481
0.4 1.48958
0.41 1.5045
0.42 1.51957
0.43 1.53479
0.44 1.55016
0.45 1.56569
0.46 1.58137
0.47 1.59721
0.48 1.6132
0.49 1.62936
0.5 1.64568
0.51 1.66217
0.52 1.67882
0.53 1.69563
0.54 1.71262
0.55 1.72977
0.56 1.7471
0.57 1.7646
0.58 1.78228
0.59 1.80013
0.6 1.81817
0.61 1.83638
0.62 1.85478
0.63 1.87336
0.64 1.89213
0.65 1.91109
0.66 1.93023
0.67 1.94957
0.68 1.96911
0.69 1.98884
0.7 2.00877
0.71 2.02889
0.72 2.04922
0.73 2.06976
0.74 2.0905
0.75 2.11145
0.76 2.13261
0.77 2.15398
0.78 2.17556
0.79 2.19737
0.8 2.21939
0.81 2.24163
0.82 2.2641
0.83 2.28679
0.84 2.30971
0.85 2.33286
0.86 2.35624
0.87 2.37986
0.88 2.40372
0.89 2.42781
0.9 2.45215
0.91 2.47673
0.92 2.50156
0.93 2.52664
0.94 2.55197
0.95 2.57755
0.96 2.6034
0.97 2.6295
0.98 2.65586
0.99 2.68249
1 2.70939
1.01 2.73655
1.02 2.76399
1.03 2.79171
1.04 2.81971
1.05 2.84798
1.06 2.87654
1.07 2.90539
1.08 2.93453
1.09 2.96396
1.1 2.99369
1.11 3.02372
1.12 3.05404
1.13 3.08468
1.14 3.11562
1.15 3.14687
1.16 3.17844
1.17 3.21033
1.18 3.24253
1.19 3.27506
1.2 3.30792
1.21 3.34111
1.22 3.37463
1.23 3.40849
1.24 3.44269
1.25 3.47724
1.26 3.51213
1.27 3.54738
1.28 3.58298
1.29 3.61893
1.3 3.65526
1.31 3.69194
1.32 3.729
1.33 3.76643
1.34 3.80423
1.35 3.84242
1.36 3.88099
1.37 3.91995
1.38 3.9593
1.39 3.99905
1.4 4.0392
1.41 4.07976
1.42 4.12072
1.43 4.1621
1.44 4.2039
1.45 4.24611
1.46 4.28875
1.47 4.33182
1.48 4.37533
1.49 4.41927
1.5 4.46366
1.51 4.5085
1.52 4.55379
1.53 4.59953
1.54 4.64574
1.55 4.69241
1.56 4.73956
1.57 4.78718
1.58 4.83528
1.59 4.88386
1.6 4.93294
1.61 4.98251
1.62 5.03259
1.63 5.08317
1.64 5.13426
1.65 5.18586
1.66 5.23799
1.67 5.29064
1.68 5.34383
1.69 5.39755
1.7 5.45182
1.71 5.50664
1.72 5.56201
1.73 5.61794
1.74 5.67443
1.75 5.7315
1.76 5.78914
1.77 5.84737
1.78 5.90618
1.79 5.96559
1.8 6.02561
1.81 6.08622
1.82 6.14746
1.83 6.20931
1.84 6.27179
1.85 6.3349
1.86 6.39865
1.87 6.46305
1.88 6.52809
1.89 6.5938
1.9 6.66017
1.91 6.72722
1.92 6.79494
1.93 6.86336
1.94 6.93246
1.95 7.00227
1.96 7.07278
1.97 7.14401
1.98 7.21596
1.99 7.28864
2 7.36205
2.01 7.43622
2.02 7.51113
2.03 7.58681
2.04 7.66325
2.05 7.74047
2.06 7.81847
2.07 7.89727
2.08 7.97687
2.09 8.05727
2.1 8.13849
2.11 8.22054
2.12 8.30342
2.13 8.38715
2.14 8.47172
2.15 8.55716
2.16 8.64346
2.17 8.73064
2.18 8.81871
2.19 8.90768
2.2 8.99755
2.21 9.08833
2.22 9.18004
2.23 9.27268
2.24 9.36627
2.25 9.46081
2.26 9.55631
2.27 9.65279
2.28 9.75025
2.29 9.8487
2.3 9.94816
2.31 10.0486
2.32 10.1501
2.33 10.2527
2.34 10.3562
2.35 10.4609
2.36 10.5666
2.37 10.6734
2.38 10.7812
2.39 10.8902
2.4 11.0003
2.41 11.1115
2.42 11.2239
2.43 11.3374
2.44 11.452
2.45 11.5678
2.46 11.6849
2.47 11.8031
2.48 11.9225
2.49 12.0431
2.5 12.165
2.51 12.2882
2.52 12.4125
2.53 12.5382
2.54 12.6652
2.55 12.7934
2.56 12.923
2.57 13.0539
2.58 13.1861
2.59 13.3197
2.6 13.4547
2.61 13.5911
2.62 13.7288
2.63 13.868
2.64 14.0086
2.65 14.1506
2.66 14.2942
2.67 14.4391
2.68 14.5856
2.69 14.7336
2.7 14.8831
2.71 15.0342
2.72 15.1868
2.73 15.3409
2.74 15.4967
2.75 15.6541
2.76 15.8131
2.77 15.9737
2.78 16.136
2.79 16.2999
2.8 16.4656
2.81 16.633
2.82 16.8021
2.83 16.9729
2.84 17.1455
2.85 17.3199
2.86 17.4961
2.87 17.6741
2.88 17.854
2.89 18.0357
2.9 18.2193
2.91 18.4048
2.92 18.5923
2.93 18.7817
2.94 18.973
2.95 19.1663
2.96 19.3617
2.97 19.559
2.98 19.7584
2.99 19.9599
3 20.1635
3.01 20.3692
3.02 20.5771
3.03 20.7871
3.04 20.9993
3.05 21.2137
3.06 21.4303
3.07 21.6492
3.08 21.8704
3.09 22.0939
3.1 22.3197
3.11 22.5479
3.12 22.7784
3.13 23.0114
3.14 23.2468
3.15 23.4847
3.16 23.725
3.17 23.9679
3.18 24.2133
3.19 24.4613
3.2 24.7119
3.21 24.9652
3.22 25.221
3.23 25.4796
3.24 25.7409
3.25 26.0049
3.26 26.2717
3.27 26.5414
3.28 26.8138
3.29 27.0892
3.3 27.3674
3.31 27.6485
3.32 27.9327
3.33 28.2198
3.34 28.51
3.35 28.8032
3.36 29.0995
3.37 29.399
3.38 29.7016
3.39 30.0075
3.4 30.3165
3.41 30.6289
3.42 30.9446
3.43 31.2636
3.44 31.586
3.45 31.9118
3.46 32.2411
3.47 32.5739
3.48 32.9103
3.49 33.2502
3.5 33.5938
3.51 33.941
3.52 34.2919
3.53 34.6466
3.54 35.0051
3.55 35.3674
3.56 35.7336
3.57 36.1037
3.58 36.4777
3.59 36.8558
3.6 37.238
3.61 37.6242
3.62 38.0146
3.63 38.4092
3.64 38.8081
3.65 39.2112
3.66 39.6187
3.67 40.0306
3.68 40.4469
3.69 40.8677
3.7 41.2931
3.71 41.7231
3.72 42.1577
3.73 42.5971
3.74 43.0412
3.75 43.4901
3.76 43.9439
3.77 44.4027
3.78 44.8664
3.79 45.3352
3.8 45.8091
3.81 46.2882
3.82 46.7725
3.83 47.2621
3.84 47.7571
3.85 48.2575
3.86 48.7633
3.87 49.2747
3.88 49.7918
3.89 50.3145
3.9 50.8429
3.91 51.3772
3.92 51.9174
3.93 52.4635
3.94 53.0157
3.95 53.5739
3.96 54.1384
3.97 54.7091
3.98 55.2861
3.99 55.8695
4 56.4594
4.01 57.0559
4.02 57.659
4.03 58.2688
4.04 58.8855
4.05 59.509
4.06 60.1395
4.07 60.7771
4.08 61.4218
4.09 62.0737
4.1 62.733
4.11 63.3997
4.12 64.0739
4.13 64.7557
4.14 65.4452
4.15 66.1424
4.16 66.8476
4.17 67.5608
4.18 68.282
4.19 69.0115
4.2 69.7492
4.21 70.4954
4.22 71.25
4.23 72.0133
4.24 72.7853
4.25 73.5661
4.26 74.3559
4.27 75.1547
4.28 75.9627
4.29 76.7801
4.3 77.6068
4.31 78.4431
4.32 79.2891
4.33 80.1449
4.34 81.0105
4.35 81.8863
4.36 82.7722
4.37 83.6684
4.38 84.5751
4.39 85.4924
4.4 86.4204
4.41 87.3593
4.42 88.3092
4.43 89.2703
4.44 90.2427
4.45 91.2265
4.46 92.222
4.47 93.2293
4.48 94.2485
4.49 95.2798
4.5 96.3234
4.51 97.3794
4.52 98.448
4.53 99.5294
4.54 100.624
4.55 101.731
4.56 102.852
4.57 103.986
4.58 105.134
4.59 106.296
4.6 107.472
4.61 108.662
4.62 109.867
4.63 111.087
4.64 112.321
4.65 113.57
4.66 114.835
4.67 116.115
4.68 117.411
4.69 118.723
4.7 120.051
4.71 121.396
4.72 122.757
4.73 124.135
4.74 125.531
4.75 126.944
4.76 128.374
4.77 129.823
4.78 131.29
4.79 132.775
4.8 134.279
4.81 135.802
4.82 137.344
4.83 138.907
4.84 140.489
4.85 142.091
4.86 143.714
4.87 145.357
4.88 147.022
4.89 148.709
4.9 150.417
4.91 152.147
4.92 153.9
4.93 155.676
4.94 157.475
4.95 159.298
4.96 161.145
4.97 163.016
4.98 164.912
4.99 166.833
5 168.779
5.01 170.752
5.02 172.751
5.03 174.777
5.04 176.83
5.05 178.911
5.06 181.02
5.07 183.158
5.08 185.325
5.09 187.522
5.1 189.749
5.11 192.007
5.12 194.295
5.13 196.616
5.14 198.968
5.15 201.354
5.16 203.773
5.17 206.226
5.18 208.713
5.19 211.236
5.2 213.795
5.21 216.39
5.22 219.022
5.23 221.692
5.24 224.4
5.25 227.148
5.26 229.935
5.27 232.763
5.28 235.633
5.29 238.544
5.3 241.499
5.31 244.497
5.32 247.54
5.33 250.628
5.34 253.762
5.35 256.944
5.36 260.174
5.37 263.452
5.38 266.781
5.39 270.16
5.4 273.592
5.41 277.076
5.42 280.615
5.43 284.208
5.44 287.858
5.45 291.565
5.46 295.331
5.47 299.157
5.48 303.043
5.49 306.992
5.5 311.004
5.51 315.082
5.52 319.225
5.53 323.436
5.54 327.717
5.55 332.068
5.56 336.491
5.57 340.989
5.58 345.561
5.59 350.211
5.6 354.94
5.61 359.749
5.62 364.64
5.63 369.616
5.64 374.679
5.65 379.829
5.66 385.07
5.67 390.404
5.68 395.832
5.69 401.357
5.7 406.982
5.71 412.708
5.72 418.538
5.73 424.475
5.74 430.522
5.75 436.681
5.76 442.954
5.77 449.346
5.78 455.859
5.79 462.495
5.8 469.259
5.81 476.154
5.82 483.183
5.83 490.349
5.84 497.657
5.85 505.11
5.86 512.713
5.87 520.468
5.88 528.382
5.89 536.458
5.9 544.7
5.91 553.114
5.92 561.705
5.93 570.477
5.94 579.436
5.95 588.588
5.96 597.938
5.97 607.493
5.98 617.258
5.99 627.241
6 637.448
6.01 647.885
6.02 658.562
6.03 669.484
6.04 680.661
6.05 692.101
6.06 703.812
6.07 715.804
6.08 728.086
6.09 740.667
6.1 753.56
6.11 766.774
6.12 780.321
6.13 794.214
6.14 808.463
6.15 823.084
6.16 838.09
6.17 853.495
6.18 869.314
6.19 885.564
6.2 902.262
6.21 919.426
6.22 937.073
6.23 955.225
6.24 973.902
6.25 993.126
6.26 1012.92
6.27 1033.31
6.28 1054.32
6.29 1075.98
6.3 1098.32
6.31 1121.36
6.32 1145.15
6.33 1169.72
6.34 1195.09
6.35 1221.33
6.36 1248.46
6.37 1276.53
6.38 1305.59
6.39 1335.69
6.4 1366.89
6.41 1399.24
6.42 1432.81
6.43 1467.67
6.44 1503.89
6.45 1541.54
6.46 1580.72
6.47 1621.52
6.48 1664.02
6.49 1708.35
6.5 1754.62
6.51 1802.96
6.52 1853.49
6.53 1906.38
6.54 1961.79
6.55 2019.89
6.56 2080.89
6.57 2145
6.58 2212.46
6.59 2283.54
6.6 2358.52
6.61 2437.73
6.62 2521.53
6.63 2610.33
6.64 2704.57
6.65 2804.76
6.66 2911.47
6.67 3025.36
6.68 3147.14
6.69 3277.65
6.7 3417.86
6.71 3568.86
6.72 3731.91
6.73 3908.5
6.74 4100.35
6.75 4309.48
6.76 4538.29
6.77 4789.64
6.78 5066.94
6.79 5374.35
6.8 5716.93
6.81 6100.93
6.82 6534.15
6.83 7026.45
6.84 7590.42
6.85 8242.47
6.86 9004.28
6.87 9905.09
6.88 10985.3
6.89 12301.9
6.9 13938.2
6.91 16020.4
6.92 18747.1
6.93 22449.1
6.94 27713.2
6.95 35670.6
6.96 48751.1
6.97 73005.4
6.98 127033
6.99 289678
7 1.13171e+06
7.01 1.39507e+07
7.02 1.96031e+09
7.03 3.84302e+13
7.04 1.47688e+22
7.05 2.18118e+39
7.06 4.75756e+73
7.07 2.26344e+142
7.08 5.12316e+279
