0 0 0 1 0 1 
0.01 0.00136788 0.00136788 1.00001 0.00100674 1.00272 
0.02 0.00273439 0.00273439 1.00001 0.00201237 1.00544 
0.03 0.00409953 0.00409953 1.00002 0.0030169 1.00817 
0.04 0.0054633 0.0054633 1.00003 0.00402033 1.0109 
0.05 0.00682571 0.00682571 1.00003 0.00502267 1.01364 
0.06 0.00818675 0.00818675 1.00004 0.00602391 1.01638 
0.07 0.00954643 0.00954643 1.00005 0.00702405 1.01913 
0.08 0.0109047 0.0109047 1.00005 0.00802311 1.02188 
0.09 0.0122617 0.0122617 1.00006 0.00902108 1.02464 
0.1 0.0136173 0.0136173 1.00006 0.010018 1.0274 
0.11 0.0149715 0.0149715 1.00007 0.0110138 1.03016 
0.12 0.0163244 0.0163244 1.00008 0.0120085 1.03293 
0.13 0.0176759 0.0176759 1.00008 0.0130021 1.03571 
0.14 0.0190261 0.0190261 1.00009 0.0139947 1.03849 
0.15 0.0203749 0.0203749 1.00009 0.0149862 1.04128 
0.16 0.0217224 0.0217224 1.0001 0.0159766 1.04407 
0.17 0.0230685 0.0230685 1.00011 0.0169659 1.04687 
0.18 0.0244133 0.0244133 1.00011 0.0179542 1.04967 
0.19 0.0257567 0.0257567 1.00012 0.0189414 1.05248 
0.2 0.0270988 0.0270988 1.00012 0.0199276 1.05529 
0.21 0.0284395 0.0284395 1.00013 0.0209127 1.05811 
0.22 0.0297789 0.0297789 1.00013 0.0218967 1.06093 
0.23 0.031117 0.031117 1.00014 0.0228797 1.06376 
0.24 0.0324537 0.0324537 1.00015 0.0238616 1.06659 
0.25 0.0337891 0.0337891 1.00015 0.0248424 1.06943 
0.26 0.0351231 0.0351231 1.00016 0.0258222 1.07227 
0.27 0.0364558 0.0364558 1.00016 0.026801 1.07512 
0.28 0.0377872 0.0377872 1.00017 0.0277787 1.07798 
0.29 0.0391172 0.0391172 1.00017 0.0287554 1.08084 
0.3 0.0404459 0.0404459 1.00018 0.029731 1.08371 
0.31 0.0417733 0.0417733 1.00018 0.0307056 1.08658 
0.32 0.0430993 0.0430993 1.00019 0.0316791 1.08945 
0.33 0.044424 0.044424 1.00019 0.0326516 1.09234 
0.34 0.0457474 0.0457474 1.0002 0.0336231 1.09523 
0.35 0.0470695 0.0470695 1.0002 0.0345936 1.09812 
0.36 0.0483902 0.0483902 1.00021 0.035563 1.10102 
0.37 0.0497096 0.0497096 1.00021 0.0365313 1.10393 
0.38 0.0510277 0.0510277 1.00022 0.0374987 1.10684 
0.39 0.0523445 0.0523445 1.00022 0.038465 1.10976 
0.4 0.0536599 0.0536599 1.00023 0.0394303 1.11268 
0.41 0.0549741 0.0549741 1.00023 0.0403946 1.11561 
0.42 0.0562869 0.0562869 1.00024 0.0413578 1.11855 
0.43 0.0575984 0.0575984 1.00024 0.0423201 1.12149 
0.44 0.0589086 0.0589086 1.00024 0.0432813 1.12444 
0.45 0.0602175 0.0602175 1.00025 0.0442415 1.12739 
0.46 0.061525 0.061525 1.00025 0.0452007 1.13035 
0.47 0.0628313 0.0628313 1.00026 0.0461589 1.13332 
0.48 0.0641362 0.0641362 1.00026 0.047116 1.13629 
0.49 0.0654399 0.0654399 1.00027 0.0480722 1.13927 
0.5 0.0667422 0.0667422 1.00027 0.0490274 1.14225 
0.51 0.0680433 0.0680433 1.00027 0.0499815 1.14525 
0.52 0.069343 0.069343 1.00028 0.0509347 1.14824 
0.53 0.0706414 0.0706414 1.00028 0.0518868 1.15125 
0.54 0.0719386 0.0719386 1.00029 0.0528379 1.15426 
0.55 0.0732344 0.0732344 1.00029 0.0537881 1.15728 
0.56 0.0745289 0.0745289 1.00029 0.0547372 1.1603 
0.57 0.0758222 0.0758222 1.0003 0.0556854 1.16333 
0.58 0.0771141 0.0771141 1.0003 0.0566326 1.16637 
0.59 0.0784048 0.0784048 1.00031 0.0575787 1.16941 
0.6 0.0796941 0.0796941 1.00031 0.0585239 1.17246 
0.61 0.0809822 0.0809822 1.00031 0.0594681 1.17552 
0.62 0.082269 0.082269 1.00032 0.0604113 1.17859 
0.63 0.0835545 0.0835545 1.00032 0.0613535 1.18166 
0.64 0.0848387 0.0848387 1.00032 0.0622948 1.18473 
0.65 0.0861216 0.0861216 1.00033 0.063235 1.18782 
0.66 0.0874033 0.0874033 1.00033 0.0641743 1.19091 
0.67 0.0886836 0.0886836 1.00033 0.0651126 1.19401 
0.68 0.0899627 0.0899627 1.00034 0.0660499 1.19712 
0.69 0.0912405 0.0912405 1.00034 0.0669863 1.20023 
0.7 0.092517 0.092517 1.00035 0.0679216 1.20335 
0.71 0.0937922 0.0937922 1.00035 0.068856 1.20648 
0.72 0.0950662 0.0950662 1.00035 0.0697895 1.20961 
0.73 0.0963389 0.0963389 1.00035 0.0707219 1.21276 
0.74 0.0976103 0.0976103 1.00036 0.0716534 1.21591 
0.75 0.0988804 0.0988804 1.00036 0.0725839 1.21906 
0.76 0.100149 0.100149 1.00036 0.0735135 1.22223 
0.77 0.101417 0.101417 1.00037 0.0744421 1.2254 
0.78 0.102683 0.102683 1.00037 0.0753697 1.22858 
0.79 0.103948 0.103948 1.00037 0.0762964 1.23177 
0.8 0.105212 0.105212 1.00038 0.0772221 1.23497 
0.81 0.106475 0.106475 1.00038 0.0781468 1.23817 
0.82 0.107736 0.107736 1.00038 0.0790706 1.24138 
0.83 0.108996 0.108996 1.00039 0.0799935 1.2446 
0.84 0.110255 0.110255 1.00039 0.0809154 1.24783 
0.85 0.111512 0.111512 1.00039 0.0818363 1.25106 
0.86 0.112768 0.112768 1.00039 0.0827563 1.2543 
0.87 0.114023 0.114023 1.0004 0.0836753 1.25755 
0.88 0.115277 0.115277 1.0004 0.0845934 1.26081 
0.89 0.116529 0.116529 1.0004 0.0855105 1.26408 
0.9 0.117781 0.117781 1.0004 0.0864267 1.26736 
0.91 0.119031 0.119031 1.00041 0.087342 1.27064 
0.92 0.120279 0.120279 1.00041 0.0882563 1.27393 
0.93 0.121527 0.121527 1.00041 0.0891696 1.27723 
0.94 0.122773 0.122773 1.00041 0.0900821 1.28054 
0.95 0.124018 0.124018 1.00042 0.0909936 1.28386 
0.96 0.125262 0.125262 1.00042 0.0919041 1.28719 
0.97 0.126504 0.126504 1.00042 0.0928137 1.29052 
0.98 0.127745 0.127745 1.00042 0.0937224 1.29387 
0.99 0.128985 0.128985 1.00043 0.0946301 1.29722 
1 0.130224 0.130224 1.00043 0.0955369 1.30058 
1.01 0.131462 0.131462 1.00043 0.0964428 1.30395 
1.02 0.132698 0.132698 1.00043 0.0973478 1.30733 
1.03 0.133933 0.133933 1.00044 0.0982518 1.31072 
1.04 0.135167 0.135167 1.00044 0.0991549 1.31412 
1.05 0.136399 0.136399 1.00044 0.100057 1.31753 
1.06 0.13763 0.13763 1.00044 0.100958 1.32095 
1.07 0.138861 0.138861 1.00044 0.101859 1.32437 
1.08 0.140089 0.140089 1.00045 0.102758 1.32781 
1.09 0.141317 0.141317 1.00045 0.103657 1.33125 
1.1 0.142543 0.142543 1.00045 0.104554 1.33471 
1.11 0.143769 0.143769 1.00045 0.105451 1.33817 
1.12 0.144993 0.144993 1.00045 0.106346 1.34164 
1.13 0.146215 0.146215 1.00046 0.107241 1.34513 
1.14 0.147437 0.147437 1.00046 0.108135 1.34862 
1.15 0.148657 0.148657 1.00046 0.109028 1.35213 
1.16 0.149876 0.149876 1.00046 0.10992 1.35564 
1.17 0.151094 0.151094 1.00046 0.110811 1.35916 
1.18 0.152311 0.152311 1.00047 0.111702 1.3627 
1.19 0.153526 0.153526 1.00047 0.112591 1.36624 
1.2 0.15474 0.15474 1.00047 0.113479 1.36979 
1.21 0.155953 0.155953 1.00047 0.114367 1.37336 
1.22 0.157165 0.157165 1.00047 0.115254 1.37693 
1.23 0.158375 0.158375 1.00047 0.116139 1.38052 
1.24 0.159585 0.159585 1.00048 0.117024 1.38412 
1.25 0.160793 0.160793 1.00048 0.117908 1.38772 
1.26 0.162 0.162 1.00048 0.118791 1.39134 
1.27 0.163205 0.163205 1.00048 0.119673 1.39497 
1.28 0.16441 0.16441 1.00048 0.120554 1.39861 
1.29 0.165613 0.165613 1.00048 0.121435 1.40226 
1.3 0.166815 0.166815 1.00048 0.122314 1.40592 
1.31 0.168016 0.168016 1.00049 0.123193 1.4096 
1.32 0.169216 0.169216 1.00049 0.12407 1.41328 
1.33 0.170414 0.170414 1.00049 0.124947 1.41698 
1.34 0.171612 0.171612 1.00049 0.125823 1.42069 
1.35 0.172808 0.172808 1.00049 0.126698 1.4244 
1.36 0.174003 0.174003 1.00049 0.127572 1.42814 
1.37 0.175196 0.175196 1.00049 0.128445 1.43188 
1.38 0.176389 0.176389 1.00049 0.129317 1.43563 
1.39 0.17758 0.17758 1.0005 0.130189 1.4394 
1.4 0.17877 0.17877 1.0005 0.131059 1.44318 
1.41 0.179959 0.179959 1.0005 0.131929 1.44697 
1.42 0.181147 0.181147 1.0005 0.132798 1.45077 
1.43 0.182333 0.182333 1.0005 0.133666 1.45459 
1.44 0.183519 0.183519 1.0005 0.134533 1.45842 
1.45 0.184703 0.184703 1.0005 0.135399 1.46226 
1.46 0.185886 0.185886 1.0005 0.136264 1.46611 
1.47 0.187068 0.187068 1.00051 0.137128 1.46998 
1.48 0.188248 0.188248 1.00051 0.137992 1.47386 
1.49 0.189428 0.189428 1.00051 0.138854 1.47775 
1.5 0.190606 0.190606 1.00051 0.139716 1.48165 
1.51 0.191783 0.191783 1.00051 0.140577 1.48557 
1.52 0.192959 0.192959 1.00051 0.141437 1.4895 
1.53 0.194134 0.194134 1.00051 0.142296 1.49345 
1.54 0.195307 0.195307 1.00051 0.143154 1.49741 
1.55 0.19648 0.19648 1.00051 0.144012 1.50138 
1.56 0.197651 0.197651 1.00051 0.144868 1.50537 
1.57 0.198821 0.198821 1.00051 0.145724 1.50937 
1.58 0.19999 0.19999 1.00052 0.146579 1.51338 
1.59 0.201158 0.201158 1.00052 0.147433 1.51741 
1.6 0.202324 0.202324 1.00052 0.148286 1.52145 
1.61 0.20349 0.20349 1.00052 0.149138 1.52551 
1.62 0.204654 0.204654 1.00052 0.149989 1.52958 
1.63 0.205817 0.205817 1.00052 0.15084 1.53367 
1.64 0.206979 0.206979 1.00052 0.151689 1.53777 
1.65 0.208139 0.208139 1.00052 0.152538 1.54189 
1.66 0.209299 0.209299 1.00052 0.153386 1.54602 
1.67 0.210457 0.210457 1.00052 0.154233 1.55017 
1.68 0.211614 0.211614 1.00052 0.155079 1.55433 
1.69 0.212771 0.212771 1.00052 0.155924 1.55851 
1.7 0.213925 0.213925 1.00052 0.156769 1.5627 
1.71 0.215079 0.215079 1.00053 0.157613 1.56691 
1.72 0.216232 0.216232 1.00053 0.158455 1.57113 
1.73 0.217383 0.217383 1.00053 0.159297 1.57537 
1.74 0.218534 0.218534 1.00053 0.160138 1.57963 
1.75 0.219683 0.219683 1.00053 0.160979 1.58391 
1.76 0.220831 0.220831 1.00053 0.161818 1.5882 
1.77 0.221978 0.221978 1.00053 0.162656 1.5925 
1.78 0.223123 0.223123 1.00053 0.163494 1.59683 
1.79 0.224268 0.224268 1.00053 0.164331 1.60117 
1.8 0.225411 0.225411 1.00053 0.165167 1.60552 
1.81 0.226554 0.226554 1.00053 0.166002 1.6099 
1.82 0.227695 0.227695 1.00053 0.166836 1.61429 
1.83 0.228835 0.228835 1.00053 0.16767 1.6187 
1.84 0.229974 0.229974 1.00053 0.168503 1.62313 
1.85 0.231111 0.231111 1.00053 0.169334 1.62757 
1.86 0.232248 0.232248 1.00053 0.170165 1.63204 
1.87 0.233383 0.233383 1.00053 0.170995 1.63652 
1.88 0.234518 0.234518 1.00053 0.171825 1.64102 
1.89 0.235651 0.235651 1.00053 0.172653 1.64554 
1.9 0.236783 0.236783 1.00053 0.173481 1.65008 
1.91 0.237914 0.237914 1.00053 0.174308 1.65464 
1.92 0.239043 0.239043 1.00053 0.175134 1.65921 
1.93 0.240172 0.240172 1.00053 0.175959 1.66381 
1.94 0.2413 0.2413 1.00053 0.176783 1.66842 
1.95 0.242426 0.242426 1.00054 0.177606 1.67306 
1.96 0.243551 0.243551 1.00054 0.178429 1.67772 
1.97 0.244675 0.244675 1.00054 0.179251 1.68239 
1.98 0.245798 0.245798 1.00054 0.180072 1.68709 
1.99 0.24692 0.24692 1.00054 0.180892 1.6918 
2 0.248041 0.248041 1.00054 0.181711 1.69654 
2.01 0.249161 0.249161 1.00054 0.18253 1.7013 
2.02 0.250279 0.250279 1.00054 0.183347 1.70608 
2.03 0.251397 0.251397 1.00054 0.184164 1.71088 
2.04 0.252513 0.252513 1.00054 0.18498 1.7157 
2.05 0.253628 0.253628 1.00054 0.185796 1.72055 
2.06 0.254742 0.254742 1.00054 0.18661 1.72542 
2.07 0.255855 0.255855 1.00054 0.187424 1.7303 
2.08 0.256967 0.256967 1.00054 0.188236 1.73522 
2.09 0.258078 0.258078 1.00054 0.189048 1.74015 
2.1 0.259187 0.259187 1.00054 0.189859 1.74511 
2.11 0.260296 0.260296 1.00054 0.19067 1.75009 
2.12 0.261403 0.261403 1.00054 0.191479 1.7551 
2.13 0.262509 0.262509 1.00054 0.192288 1.76013 
2.14 0.263614 0.263614 1.00054 0.193096 1.76518 
2.15 0.264719 0.264719 1.00054 0.193903 1.77026 
2.16 0.265822 0.265822 1.00054 0.194709 1.77536 
2.17 0.266923 0.266923 1.00054 0.195514 1.78048 
2.18 0.268024 0.268024 1.00054 0.196319 1.78564 
2.19 0.269124 0.269124 1.00054 0.197123 1.79081 
2.2 0.270222 0.270222 1.00054 0.197926 1.79602 
2.21 0.27132 0.27132 1.00054 0.198728 1.80125 
2.22 0.272416 0.272416 1.00054 0.19953 1.8065 
2.23 0.273511 0.273511 1.00054 0.20033 1.81179 
2.24 0.274606 0.274606 1.00054 0.20113 1.8171 
2.25 0.275699 0.275699 1.00054 0.201929 1.82243 
2.26 0.276791 0.276791 1.00054 0.202727 1.8278 
2.27 0.277882 0.277882 1.00054 0.203524 1.83319 
2.28 0.278971 0.278971 1.00054 0.204321 1.83861 
2.29 0.28006 0.28006 1.00054 0.205117 1.84406 
2.3 0.281148 0.281148 1.00054 0.205912 1.84954 
2.31 0.282234 0.282234 1.00054 0.206706 1.85505 
2.32 0.28332 0.28332 1.00054 0.207499 1.86058 
2.33 0.284404 0.284404 1.00054 0.208292 1.86615 
2.34 0.285487 0.285487 1.00054 0.209084 1.87175 
2.35 0.28657 0.28657 1.00054 0.209875 1.87737 
2.36 0.287651 0.287651 1.00054 0.210665 1.88303 
2.37 0.288731 0.288731 1.00054 0.211454 1.88872 
2.38 0.28981 0.28981 1.00054 0.212243 1.89445 
2.39 0.290887 0.290887 1.00054 0.213031 1.9002 
2.4 0.291964 0.291964 1.00054 0.213818 1.90599 
2.41 0.29304 0.29304 1.00054 0.214604 1.91181 
2.42 0.294115 0.294115 1.00053 0.21539 1.91766 
2.43 0.295188 0.295188 1.00053 0.216174 1.92355 
2.44 0.296261 0.296261 1.00053 0.216958 1.92947 
2.45 0.297332 0.297332 1.00053 0.217741 1.93543 
2.46 0.298402 0.298402 1.00053 0.218524 1.94142 
2.47 0.299472 0.299472 1.00053 0.219305 1.94744 
2.48 0.30054 0.30054 1.00053 0.220086 1.95351 
2.49 0.301607 0.301607 1.00053 0.220866 1.95961 
2.5 0.302673 0.302673 1.00053 0.221645 1.96574 
2.51 0.303738 0.303738 1.00053 0.222424 1.97192 
2.52 0.304802 0.304802 1.00053 0.223201 1.97813 
2.53 0.305865 0.305865 1.00053 0.223978 1.98438 
2.54 0.306927 0.306927 1.00053 0.224754 1.99067 
2.55 0.307988 0.307988 1.00053 0.22553 1.997 
2.56 0.309047 0.309047 1.00053 0.226304 2.00337 
2.57 0.310106 0.310106 1.00053 0.227078 2.00978 
2.58 0.311164 0.311164 1.00053 0.227851 2.01624 
2.59 0.31222 0.31222 1.00053 0.228623 2.02273 
2.6 0.313275 0.313275 1.00053 0.229394 2.02927 
2.61 0.31433 0.31433 1.00053 0.230165 2.03584 
2.62 0.315383 0.315383 1.00053 0.230935 2.04247 
2.63 0.316436 0.316436 1.00053 0.231704 2.04913 
2.64 0.317487 0.317487 1.00053 0.232472 2.05585 
2.65 0.318537 0.318537 1.00053 0.23324 2.0626 
2.66 0.319586 0.319586 1.00053 0.234007 2.06941 
2.67 0.320634 0.320634 1.00053 0.234773 2.07626 
2.68 0.321681 0.321681 1.00053 0.235538 2.08316 
2.69 0.322727 0.322727 1.00053 0.236303 2.0901 
2.7 0.323772 0.323772 1.00053 0.237066 2.0971 
2.71 0.324816 0.324816 1.00053 0.237829 2.10414 
2.72 0.325859 0.325859 1.00053 0.238591 2.11124 
2.73 0.326901 0.326901 1.00053 0.239353 2.11839 
2.74 0.327942 0.327942 1.00053 0.240114 2.12559 
2.75 0.328981 0.328981 1.00053 0.240874 2.13284 
2.76 0.33002 0.33002 1.00052 0.241633 2.14015 
2.77 0.331058 0.331058 1.00052 0.242391 2.14751 
2.78 0.332094 0.332094 1.00052 0.243149 2.15492 
2.79 0.33313 0.33313 1.00052 0.243906 2.16239 
2.8 0.334165 0.334165 1.00052 0.244662 2.16992 
2.81 0.335198 0.335198 1.00052 0.245417 2.17751 
2.82 0.336231 0.336231 1.00052 0.246172 2.18516 
2.83 0.337262 0.337262 1.00052 0.246926 2.19287 
2.84 0.338292 0.338292 1.00052 0.247679 2.20063 
2.85 0.339322 0.339322 1.00052 0.248431 2.20846 
2.86 0.34035 0.34035 1.00052 0.249183 2.21636 
2.87 0.341378 0.341378 1.00052 0.249933 2.22431 
2.88 0.342404 0.342404 1.00052 0.250683 2.23234 
2.89 0.343429 0.343429 1.00052 0.251433 2.24043 
2.9 0.344453 0.344453 1.00052 0.252181 2.24858 
2.91 0.345477 0.345477 1.00052 0.252929 2.25681 
2.92 0.346499 0.346499 1.00052 0.253676 2.2651 
2.93 0.34752 0.34752 1.00052 0.254423 2.27347 
2.94 0.34854 0.34854 1.00052 0.255168 2.28191 
2.95 0.349559 0.349559 1.00052 0.255913 2.29042 
2.96 0.350577 0.350577 1.00052 0.256657 2.29901 
2.97 0.351595 0.351595 1.00052 0.257401 2.30768 
2.98 0.352611 0.352611 1.00052 0.258143 2.31642 
2.99 0.353626 0.353626 1.00052 0.258885 2.32524 
3 0.35464 0.35464 1.00051 0.259626 2.33415 

