0 1
0.01 1.03
0.02 1.0609
0.03 1.09273
0.04 1.12551
0.05 1.15927
0.06 1.19405
0.07 1.22987
0.08 1.26677
0.09 1.30477
0.1 1.34392
0.11 1.38423
0.12 1.42576
0.13 1.46853
0.14 1.51259
0.15 1.55797
0.16 1.60471
0.17 1.65285
0.18 1.70243
0.19 1.75351
0.2 1.80611
0.21 1.86029
0.22 1.9161
0.23 1.97359
0.24 2.03279
0.25 2.09378
0.26 2.15659
0.27 2.22129
0.28 2.28793
0.29 2.35657
0.3 2.42726
0.31 2.50008
0.32 2.57508
0.33 2.65234
0.34 2.73191
0.35 2.81386
0.36 2.89828
0.37 2.98523
0.38 3.07478
0.39 3.16703
0.4 3.26204
0.41 3.3599
0.42 3.4607
0.43 3.56452
0.44 3.67145
0.45 3.7816
0.46 3.89504
0.47 4.0119
0.48 4.13225
0.49 4.25622
0.5 4.38391
0.51 4.51542
0.52 4.65089
0.53 4.79041
0.54 4.93412
0.55 5.08215
0.56 5.23461
0.57 5.39165
0.58 5.5534
0.59 5.72
0.6 5.8916
0.61 6.06835
0.62 6.2504
0.63 6.43791
0.64 6.63105
0.65 6.82998
0.66 7.03488
0.67 7.24593
0.68 7.46331
0.69 7.68721
0.7 7.91782
0.71 8.15536
0.72 8.40002
0.73 8.65202
0.74 8.91158
0.75 9.17893
0.76 9.45429
0.77 9.73792
0.78 10.0301
0.79 10.331
0.8 10.6409
0.81 10.9601
0.82 11.2889
0.83 11.6276
0.84 11.9764
0.85 12.3357
0.86 12.7058
0.87 13.087
0.88 13.4796
0.89 13.8839
0.9 14.3005
0.91 14.7295
0.92 15.1714
0.93 15.6265
0.94 16.0953
0.95 16.5782
0.96 17.0755
0.97 17.5878
0.98 18.1154
0.99 18.6589
1 19.2186

