0 1.1
0.1 1.21
0.2 1.331
0.3 1.4641
0.4 1.61051
0.5 1.77156
0.6 1.94872
0.7 2.14359
0.8 2.35795
0.9 2.59374
1 2.85312
1.1 3.13843
1.2 3.45227
1.3 3.7975
1.4 4.17725
1.5 4.59497
1.6 5.05447
1.7 5.55992
1.8 6.11591
1.9 6.7275
2 7.40025
2.1 8.14027
2.2 8.9543
2.3 9.84973
2.4 10.8347
2.5 11.9182
2.6 13.11
2.7 14.421
2.8 15.8631
2.9 17.4494
3 19.1943
3.1 21.1138
3.2 23.2252
3.3 25.5477
3.4 28.1024
3.5 30.9127
3.6 34.0039
3.7 37.4043
3.8 41.1448
3.9 45.2593
4 49.7852
4.1 54.7637
4.2 60.2401
4.3 66.2641
4.4 72.8905
4.5 80.1795
4.6 88.1975
4.7 97.0172
4.8 106.719
4.9 117.391
5 129.13
5.1 142.043
5.2 156.247
5.3 171.872
5.4 189.059
5.5 207.965
5.6 228.762
5.7 251.638
5.8 276.801
5.9 304.482
6 334.93
6.1 368.423
6.2 405.265
6.3 445.792
6.4 490.371
6.5 539.408
6.6 593.349
6.7 652.683
6.8 717.952
6.9 789.747
7 868.722
7.1 955.594
7.2 1051.15
7.3 1156.27
7.4 1271.9
7.5 1399.08
7.6 1538.99
7.7 1692.89
7.8 1862.18
7.9 2048.4
8 2253.24
8.1 2478.56
8.2 2726.42
8.3 2999.06
8.4 3298.97
8.5 3628.87
8.6 3991.75
8.7 4390.93
8.8 4830.02
8.9 5313.02
9 5844.32
9.1 6428.76
9.2 7071.63
9.3 7778.8
9.4 8556.68
9.5 9412.34
9.6 10353.6
9.7 11388.9
9.8 12527.8
9.9 13780.6
10 15158.7

