0 1
0.01 1.01035
0.02 1.02081
0.03 1.03138
0.04 1.04206
0.05 1.05285
0.06 1.06375
0.07 1.07476
0.08 1.08589
0.09 1.09713
0.1 1.10849
0.11 1.11997
0.12 1.13156
0.13 1.14328
0.14 1.15512
0.15 1.16707
0.16 1.17916
0.17 1.19137
0.18 1.2037
0.19 1.21616
0.2 1.22875
0.21 1.24147
0.22 1.25433
0.23 1.26731
0.24 1.28044
0.25 1.29369
0.26 1.30709
0.27 1.32062
0.28 1.33429
0.29 1.34811
0.3 1.36206
0.31 1.37616
0.32 1.39041
0.33 1.40481
0.34 1.41935
0.35 1.43405
0.36 1.44889
0.37 1.46389
0.38 1.47905
0.39 1.49436
0.4 1.50983
0.41 1.52547
0.42 1.54126
0.43 1.55722
0.44 1.57334
0.45 1.58963
0.46 1.60609
0.47 1.62271
0.48 1.63951
0.49 1.65649
0.5 1.67364
0.51 1.69097
0.52 1.70847
0.53 1.72616
0.54 1.74403
0.55 1.76209
0.56 1.78033
0.57 1.79876
0.58 1.81739
0.59 1.8362
0.6 1.85521
0.61 1.87442
0.62 1.89383
0.63 1.91343
0.64 1.93325
0.65 1.95326
0.66 1.97348
0.67 1.99391
0.68 2.01456
0.69 2.03542
0.7 2.05649
0.71 2.07778
0.72 2.09929
0.73 2.12103
0.74 2.14299
0.75 2.16517
0.76 2.18759
0.77 2.21024
0.78 2.23312
0.79 2.25624
0.8 2.2796
0.81 2.3032
0.82 2.32705
0.83 2.35114
0.84 2.37548
0.85 2.40008
0.86 2.42492
0.87 2.45003
0.88 2.4754
0.89 2.50102
0.9 2.52692
0.91 2.55308
0.92 2.57951
0.93 2.60622
0.94 2.6332
0.95 2.66046
0.96 2.68801
0.97 2.71584
0.98 2.74395
0.99 2.77236
1 2.80107
1.01 2.83007
1.02 2.85937
1.03 2.88897
1.04 2.91888
1.05 2.9491
1.06 2.97963
1.07 3.01048
1.08 3.04165
1.09 3.07314
1.1 3.10496
1.11 3.1371
1.12 3.16958
1.13 3.2024
1.14 3.23555
1.15 3.26905
1.16 3.3029
1.17 3.33709
1.18 3.37164
1.19 3.40655
1.2 3.44182
1.21 3.47745
1.22 3.51346
1.23 3.54983
1.24 3.58658
1.25 3.62372
1.26 3.66123
1.27 3.69914
1.28 3.73744
1.29 3.77613
1.3 3.81523
1.31 3.85473
1.32 3.89464
1.33 3.93496
1.34 3.9757
1.35 4.01686
1.36 4.05845
1.37 4.10046
1.38 4.14292
1.39 4.18581
1.4 4.22915
1.41 4.27293
1.42 4.31717
1.43 4.36187
1.44 4.40703
1.45 4.45265
1.46 4.49875
1.47 4.54533
1.48 4.59239
1.49 4.63993
1.5 4.68797
1.51 4.73651
1.52 4.78555
1.53 4.83509
1.54 4.88515
1.55 4.93573
1.56 4.98683
1.57 5.03846
1.58 5.09062
1.59 5.14333
1.6 5.19658
1.61 5.25038
1.62 5.30474
1.63 5.35966
1.64 5.41515
1.65 5.47121
1.66 5.52786
1.67 5.58509
1.68 5.64291
1.69 5.70133
1.7 5.76036
1.71 5.82
1.72 5.88025
1.73 5.94113
1.74 6.00264
1.75 6.06479
1.76 6.12758
1.77 6.19102
1.78 6.25512
1.79 6.31988
1.8 6.38531
1.81 6.45142
1.82 6.51821
1.83 6.5857
1.84 6.65388
1.85 6.72277
1.86 6.79237
1.87 6.86269
1.88 6.93374
1.89 7.00553
1.9 7.07806
1.91 7.15134
1.92 7.22538
1.93 7.30019
1.94 7.37577
1.95 7.45213
1.96 7.52928
1.97 7.60724
1.98 7.686
1.99 7.76557
2 7.84597
2.01 7.9272
2.02 8.00927
2.03 8.09219
2.04 8.17598
2.05 8.26062
2.06 8.34615
2.07 8.43256
2.08 8.51986
2.09 8.60807
2.1 8.69719
2.11 8.78723
2.12 8.87821
2.13 8.97013
2.14 9.063
2.15 9.15683
2.16 9.25163
2.17 9.34742
2.18 9.44419
2.19 9.54197
2.2 9.64076
2.21 9.74057
2.22 9.84142
2.23 9.94331
2.24 10.0463
2.25 10.1503
2.26 10.2554
2.27 10.3615
2.28 10.4688
2.29 10.5772
2.3 10.6867
2.31 10.7973
2.32 10.9091
2.33 11.0221
2.34 11.1362
2.35 11.2515
2.36 11.368
2.37 11.4857
2.38 11.6046
2.39 11.7247
2.4 11.8461
2.41 11.9688
2.42 12.0927
2.43 12.2179
2.44 12.3444
2.45 12.4722
2.46 12.6013
2.47 12.7318
2.48 12.8636
2.49 12.9968
2.5 13.1313
2.51 13.2673
2.52 13.4046
2.53 13.5434
2.54 13.6836
2.55 13.8253
2.56 13.9684
2.57 14.1131
2.58 14.2592
2.59 14.4068
2.6 14.556
2.61 14.7067
2.62 14.8589
2.63 15.0128
2.64 15.1682
2.65 15.3252
2.66 15.4839
2.67 15.6442
2.68 15.8062
2.69 15.9698
2.7 16.1351
2.71 16.3022
2.72 16.471
2.73 16.6415
2.74 16.8138
2.75 16.9879
2.76 17.1638
2.77 17.3415
2.78 17.521
2.79 17.7024
2.8 17.8857
2.81 18.0708
2.82 18.2579
2.83 18.447
2.84 18.638
2.85 18.8309
2.86 19.0259
2.87 19.2229
2.88 19.4219
2.89 19.623
2.9 19.8261
2.91 20.0314
2.92 20.2388
2.93 20.4483
2.94 20.66
2.95 20.8739
2.96 21.09
2.97 21.3084
2.98 21.529
2.99 21.7519
3 21.9771
3.01 22.2046
3.02 22.4345
3.03 22.6668
3.04 22.9014
3.05 23.1385
3.06 23.3781
3.07 23.6201
3.08 23.8647
3.09 24.1118
3.1 24.3614
3.11 24.6136
3.12 24.8685
3.13 25.1259
3.14 25.3861
3.15 25.6489
3.16 25.9144
3.17 26.1827
3.18 26.4538
3.19 26.7277
3.2 27.0044
3.21 27.284
3.22 27.5665
3.23 27.8519
3.24 28.1402
3.25 28.4316
3.26 28.7259
3.27 29.0233
3.28 29.3238
3.29 29.6274
3.3 29.9342
3.31 30.2441
3.32 30.5572
3.33 30.8736
3.34 31.1932
3.35 31.5161
3.36 31.8424
3.37 32.1721
3.38 32.5052
3.39 32.8417
3.4 33.1817
3.41 33.5253
3.42 33.8724
3.43 34.2231
3.44 34.5774
3.45 34.9354
3.46 35.2971
3.47 35.6625
3.48 36.0317
3.49 36.4048
3.5 36.7817
3.51 37.1625
3.52 37.5472
3.53 37.936
3.54 38.3287
3.55 38.7256
3.56 39.1265
3.57 39.5316
3.58 39.9409
3.59 40.3544
3.6 40.7722
3.61 41.1943
3.62 41.6208
3.63 42.0517
3.64 42.4871
3.65 42.927
3.66 43.3714
3.67 43.8204
3.68 44.2741
3.69 44.7325
3.7 45.1956
3.71 45.6635
3.72 46.1363
3.73 46.614
3.74 47.0966
3.75 47.5842
3.76 48.0768
3.77 48.5746
3.78 49.0775
3.79 49.5856
3.8 50.0989
3.81 50.6176
3.82 51.1417
3.83 51.6712
3.84 52.2061
3.85 52.7466
3.86 53.2927
3.87 53.8445
3.88 54.402
3.89 54.9652
3.9 55.5343
3.91 56.1092
3.92 56.6901
3.93 57.277
3.94 57.8701
3.95 58.4692
3.96 59.0745
3.97 59.6861
3.98 60.3041
3.99 60.9284
4 61.5592
4.01 62.1966
4.02 62.8405
4.03 63.4911
4.04 64.1485
4.05 64.8126
4.06 65.4836
4.07 66.1616
4.08 66.8466
4.09 67.5386
4.1 68.2379
4.11 68.9444
4.12 69.6582
4.13 70.3794
4.14 71.108
4.15 71.8442
4.16 72.588
4.17 73.3395
4.18 74.0988
4.19 74.866
4.2 75.6411
4.21 76.4242
4.22 77.2155
4.23 78.0149
4.24 78.8226
4.25 79.6387
4.26 80.4632
4.27 81.2963
4.28 82.1379
4.29 82.9883
4.3 83.8475
4.31 84.7156
4.32 85.5927
4.33 86.4789
4.34 87.3742
4.35 88.2788
4.36 89.1928
4.37 90.1162
4.38 91.0492
4.39 91.9919
4.4 92.9443
4.41 93.9065
4.42 94.8788
4.43 95.8611
4.44 96.8535
4.45 97.8563
4.46 98.8694
4.47 99.893
4.48 100.927
4.49 101.972
4.5 103.028
4.51 104.095
4.52 105.172
4.53 106.261
4.54 107.361
4.55 108.473
4.56 109.596
4.57 110.731
4.58 111.877
4.59 113.035
4.6 114.206
4.61 115.388
4.62 116.583
4.63 117.79
4.64 119.009
4.65 120.241
4.66 121.486
4.67 122.744
4.68 124.015
4.69 125.299
4.7 126.596
4.71 127.907
4.72 129.231
4.73 130.569
4.74 131.921
4.75 133.286
4.76 134.666
4.77 136.061
4.78 137.469
4.79 138.892
4.8 140.33
4.81 141.783
4.82 143.251
4.83 144.734
4.84 146.233
4.85 147.747
4.86 149.276
4.87 150.822
4.88 152.383
4.89 153.961
4.9 155.555
4.91 157.166
4.92 158.793
4.93 160.437
4.94 162.098
4.95 163.776
4.96 165.472
4.97 167.185
4.98 168.916
4.99 170.665
5 172.431
5.01 174.217
5.02 176.02
5.03 177.843
5.04 179.684
5.05 181.544
5.06 183.424
5.07 185.323
5.08 187.242
5.09 189.18
5.1 191.139
5.11 193.118
5.12 195.117
5.13 197.137
5.14 199.178
5.15 201.24
5.16 203.324
5.17 205.429
5.18 207.556
5.19 209.705
5.2 211.876
5.21 214.069
5.22 216.286
5.23 218.525
5.24 220.787
5.25 223.073
5.26 225.383
5.27 227.716
5.28 230.074
5.29 232.456
5.3 234.862
5.31 237.294
5.32 239.751
5.33 242.233
5.34 244.741
5.35 247.275
5.36 249.835
5.37 252.421
5.38 255.035
5.39 257.675
5.4 260.343
5.41 263.038
5.42 265.762
5.43 268.513
5.44 271.293
5.45 274.102
5.46 276.94
5.47 279.807
5.48 282.704
5.49 285.631
5.5 288.588
5.51 291.576
5.52 294.595
5.53 297.645
5.54 300.726
5.55 303.84
5.56 306.985
5.57 310.164
5.58 313.375
5.59 316.619
5.6 319.897
5.61 323.209
5.62 326.556
5.63 329.936
5.64 333.352
5.65 336.804
5.66 340.291
5.67 343.814
5.68 347.373
5.69 350.97
5.7 354.603
5.71 358.275
5.72 361.984
5.73 365.732
5.74 369.518
5.75 373.344
5.76 377.209
5.77 381.115
5.78 385.06
5.79 389.047
5.8 393.075
5.81 397.144
5.82 401.256
5.83 405.41
5.84 409.608
5.85 413.849
5.86 418.133
5.87 422.462
5.88 426.836
5.89 431.255
5.9 435.72
5.91 440.231
5.92 444.789
5.93 449.394
5.94 454.047
5.95 458.748
5.96 463.497
5.97 468.296
5.98 473.144
5.99 478.043
6 482.992
6.01 487.992
6.02 493.045
6.03 498.149
6.04 503.307
6.05 508.518
6.06 513.782
6.07 519.102
6.08 524.476
6.09 529.906
6.1 535.392
6.11 540.935
6.12 546.536
6.13 552.194
6.14 557.911
6.15 563.687
6.16 569.523
6.17 575.42
6.18 581.377
6.19 587.396
6.2 593.478
6.21 599.622
6.22 605.83
6.23 612.103
6.24 618.44
6.25 624.843
6.26 631.312
6.27 637.848
6.28 644.452
6.29 651.124
6.3 657.865
6.31 664.676
6.32 671.558
6.33 678.511
6.34 685.535
6.35 692.633
6.36 699.804
6.37 707.049
6.38 714.369
6.39 721.765
6.4 729.238
6.41 736.788
6.42 744.416
6.43 752.123
6.44 759.91
6.45 767.778
6.46 775.726
6.47 783.758
6.48 791.872
6.49 800.071
6.5 808.354
6.51 816.723
6.52 825.179
6.53 833.722
6.54 842.354
6.55 851.075
6.56 859.886
6.57 868.789
6.58 877.784
6.59 886.871
6.6 896.053
6.61 905.33
6.62 914.704
6.63 924.174
6.64 933.742
6.65 943.409
6.66 953.176
6.67 963.045
6.68 973.015
6.69 983.089
6.7 993.267
6.71 1003.55
6.72 1013.94
6.73 1024.44
6.74 1035.04
6.75 1045.76
6.76 1056.59
6.77 1067.53
6.78 1078.58
6.79 1089.75
6.8 1101.03
6.81 1112.43
6.82 1123.94
6.83 1135.58
6.84 1147.34
6.85 1159.22
6.86 1171.22
6.87 1183.34
6.88 1195.6
6.89 1207.97
6.9 1220.48
6.91 1233.12
6.92 1245.88
6.93 1258.78
6.94 1271.81
6.95 1284.98
6.96 1298.29
6.97 1311.73
6.98 1325.31
6.99 1339.03
7 1352.89
7.01 1366.9
7.02 1381.05
7.03 1395.35
7.04 1409.8
7.05 1424.39
7.06 1439.14
7.07 1454.04
7.08 1469.09
7.09 1484.3
7.1 1499.67
7.11 1515.2
7.12 1530.88
7.13 1546.73
7.14 1562.75
7.15 1578.93
7.16 1595.27
7.17 1611.79
7.18 1628.48
7.19 1645.34
7.2 1662.37
7.21 1679.58
7.22 1696.97
7.23 1714.54
7.24 1732.29
7.25 1750.23
7.26 1768.35
7.27 1786.65
7.28 1805.15
7.29 1823.84
7.3 1842.72
7.31 1861.8
7.32 1881.08
7.33 1900.55
7.34 1920.23
7.35 1940.11
7.36 1960.2
7.37 1980.49
7.38 2001
7.39 2021.71
7.4 2042.64
7.41 2063.79
7.42 2085.16
7.43 2106.75
7.44 2128.56
7.45 2150.6
7.46 2172.86
7.47 2195.36
7.48 2218.09
7.49 2241.05
7.5 2264.25
7.51 2287.69
7.52 2311.38
7.53 2335.31
7.54 2359.49
7.55 2383.92
7.56 2408.6
7.57 2433.53
7.58 2458.73
7.59 2484.19
7.6 2509.9
7.61 2535.89
7.62 2562.14
7.63 2588.67
7.64 2615.47
7.65 2642.55
7.66 2669.91
7.67 2697.55
7.68 2725.48
7.69 2753.7
7.7 2782.21
7.71 2811.01
7.72 2840.12
7.73 2869.52
7.74 2899.23
7.75 2929.25
7.76 2959.57
7.77 2990.21
7.78 3021.17
7.79 3052.45
7.8 3084.05
7.81 3115.98
7.82 3148.24
7.83 3180.84
7.84 3213.77
7.85 3247.04
7.86 3280.66
7.87 3314.63
7.88 3348.94
7.89 3383.62
7.9 3418.65
7.91 3454.04
7.92 3489.8
7.93 3525.93
7.94 3562.44
7.95 3599.32
7.96 3636.58
7.97 3674.23
7.98 3712.27
7.99 3750.71
8 3789.54
8.01 3828.77
8.02 3868.41
8.03 3908.47
8.04 3948.93
8.05 3989.81
8.06 4031.12
8.07 4072.86
8.08 4115.02
8.09 4157.63
8.1 4200.67
8.11 4244.16
8.12 4288.1
8.13 4332.5
8.14 4377.36
8.15 4422.68
8.16 4468.46
8.17 4514.73
8.18 4561.47
8.19 4608.69
8.2 4656.41
8.21 4704.62
8.22 4753.33
8.23 4802.54
8.24 4852.26
8.25 4902.5
8.26 4953.25
8.27 5004.54
8.28 5056.35
8.29 5108.7
8.3 5161.59
8.31 5215.03
8.32 5269.02
8.33 5323.57
8.34 5378.69
8.35 5434.38
8.36 5490.64
8.37 5547.49
8.38 5604.92
8.39 5662.95
8.4 5721.58
8.41 5780.82
8.42 5840.67
8.43 5901.14
8.44 5962.23
8.45 6023.96
8.46 6086.33
8.47 6149.34
8.48 6213.01
8.49 6277.33
8.5 6342.32
8.51 6407.98
8.52 6474.33
8.53 6541.36
8.54 6609.08
8.55 6677.51
8.56 6746.64
8.57 6816.49
8.58 6887.06
8.59 6958.37
8.6 7030.41
8.61 7103.2
8.62 7176.74
8.63 7251.04
8.64 7326.11
8.65 7401.96
8.66 7478.59
8.67 7556.02
8.68 7634.25
8.69 7713.29
8.7 7793.15
8.71 7873.83
8.72 7955.35
8.73 8037.71
8.74 8120.93
8.75 8205.01
8.76 8289.96
8.77 8375.78
8.78 8462.5
8.79 8550.11
8.8 8638.64
8.81 8728.07
8.82 8818.44
8.83 8909.74
8.84 9001.98
8.85 9095.18
8.86 9189.35
8.87 9284.48
8.88 9380.61
8.89 9477.73
8.9 9575.85
8.91 9674.99
8.92 9775.16
8.93 9876.37
8.94 9978.62
8.95 10081.9
8.96 10186.3
8.97 10291.8
8.98 10398.3
8.99 10506
9 10614.8
9.01 10724.6
9.02 10835.7
9.03 10947.9
9.04 11061.2
9.05 11175.7
9.06 11291.4
9.07 11408.3
9.08 11526.5
9.09 11645.8
9.1 11766.4
9.11 11888.2
9.12 12011.3
9.13 12135.6
9.14 12261.3
9.15 12388.2
9.16 12516.5
9.17 12646
9.18 12777
9.19 12909.3
9.2 13042.9
9.21 13177.9
9.22 13314.4
9.23 13452.2
9.24 13591.5
9.25 13732.2
9.26 13874.4
9.27 14018
9.28 14163.2
9.29 14309.8
9.3 14458
9.31 14607.6
9.32 14758.9
9.33 14911.7
9.34 15066.1
9.35 15222
9.36 15379.6
9.37 15538.9
9.38 15699.7
9.39 15862.3
9.4 16026.5
9.41 16192.4
9.42 16360.1
9.43 16529.5
9.44 16700.6
9.45 16873.5
9.46 17048.2
9.47 17224.7
9.48 17403
9.49 17583.2
9.5 17765.3
9.51 17949.2
9.52 18135
9.53 18322.8
9.54 18512.5
9.55 18704.1
9.56 18897.8
9.57 19093.4
9.58 19291.1
9.59 19490.8
9.6 19692.6
9.61 19896.5
9.62 20102.5
9.63 20310.6
9.64 20520.9
9.65 20733.4
9.66 20948
9.67 21164.9
9.68 21384
9.69 21605.4
9.7 21829.1
9.71 22055.1
9.72 22283.5
9.73 22514.2
9.74 22747.3
9.75 22982.8
9.76 23220.7
9.77 23461.1
9.78 23704
9.79 23949.4
9.8 24197.4
9.81 24447.9
9.82 24701
9.83 24956.8
9.84 25215.1
9.85 25476.2
9.86 25740
9.87 26006.5
9.88 26275.7
9.89 26547.7
9.9 26822.6
9.91 27100.3
9.92 27380.9
9.93 27664.4
9.94 27950.8
9.95 28240.1
9.96 28532.5
9.97 28827.9
9.98 29126.4
9.99 29427.9
10 29732.6

