0 100 10
1 110 19.7
2 110.33 40.779
3 87.4045 84.5471
4 30.9874 155.909
5 0 199.544
6 0 193.557
7 0 187.751
8 0 182.118
9 0 176.654
10 0 171.355
11 0 166.214
12 0 161.228
13 0 156.391
14 0 151.699
15 0 147.148
16 0 142.734
17 0 138.452
18 0 134.298
19 0 130.269
20 0 126.361
21 0 122.57
22 0 118.893
23 0 115.326
24 0 111.867
25 0 108.511
26 0 105.255
27 0 102.098
28 0 99.0347
29 0 96.0637
30 0 93.1818
31 0 90.3863
32 0 87.6747
33 0 85.0445
34 0 82.4932
35 0 80.0184
36 0 77.6178
37 0 75.2893
38 0 73.0306
39 0 70.8397
40 0 68.7145
41 0 66.6531
42 0 64.6535
43 0 62.7139
44 0 60.8324
45 0 59.0075
46 0 57.2373
47 0 55.5201
48 0 53.8545
49 0 52.2389
50 0 50.6717
51 0 49.1516
52 0 47.677
53 0 46.2467
54 0 44.8593
55 0 43.5135
56 0 42.2081
57 0 40.9419
58 0 39.7136
59 0 38.5222
60 0 37.3666
61 0 36.2456
62 0 35.1582
63 0 34.1034
64 0 33.0803
65 0 32.0879
66 0 31.1253
67 0 30.1915
68 0 29.2858
69 0 28.4072
70 0 27.555
71 0 26.7283
72 0 25.9265
73 0 25.1487
74 0 24.3942
75 0 23.6624
76 0 22.9525
77 0 22.264
78 0 21.596
79 0 20.9482
80 0 20.3197
81 0 19.7101
82 0 19.1188
83 0 18.5453
84 0 17.9889
85 0 17.4492
86 0 16.9258
87 0 16.418
88 0 15.9254
89 0 15.4477
90 0 14.9843
91 0 14.5347
92 0 14.0987
93 0 13.6757
94 0 13.2655
95 0 12.8675
96 0 12.4815
97 0 12.107
98 0 11.7438
99 0 11.3915
