0 0.1
0.01 0.34596
0.02 1.01134
0.03 2.01128
0.04 2.74289
0.05 3.22293
0.06 3.57195
0.07 3.8448
0.08 4.06836
0.09 4.25753
0.1 4.42137
0.11 4.56581
0.12 4.6949
0.13 4.81157
0.14 4.91797
0.15 5.01574
0.16 5.10618
0.17 5.19028
0.18 5.26887
0.19 5.34262
0.2 5.41209
0.21 5.47774
0.22 5.53996
0.23 5.59909
0.24 5.65542
0.25 5.70921
0.26 5.76066
0.27 5.80997
0.28 5.85731
0.29 5.90283
0.3 5.94666
0.31 5.98892
0.32 6.02973
0.33 6.06916
0.34 6.10732
0.35 6.14429
0.36 6.18012
0.37 6.2149
0.38 6.24868
0.39 6.28151
0.4 6.31345
0.41 6.34455
0.42 6.37484
0.43 6.40436
0.44 6.43316
0.45 6.46127
0.46 6.48872
0.47 6.51554
0.48 6.54175
0.49 6.5674
0.5 6.59249
0.51 6.61705
0.52 6.6411
0.53 6.66467
0.54 6.68777
0.55 6.71043
0.56 6.73265
0.57 6.75445
0.58 6.77585
0.59 6.79687
0.6 6.81751
0.61 6.83779
0.62 6.85773
0.63 6.87732
0.64 6.8966
0.65 6.91555
0.66 6.93421
0.67 6.95256
0.68 6.97063
0.69 6.98843
0.7 7.00595
0.71 7.02321
0.72 7.04022
0.73 7.05699
0.74 7.07351
0.75 7.0898
0.76 7.10587
0.77 7.12171
0.78 7.13734
0.79 7.15276
0.8 7.16798
0.81 7.183
0.82 7.19783
0.83 7.21247
0.84 7.22692
0.85 7.2412
0.86 7.2553
0.87 7.26923
0.88 7.283
0.89 7.2966
0.9 7.31005
0.91 7.32334
0.92 7.33647
0.93 7.34946
0.94 7.36231
0.95 7.37501
0.96 7.38757
0.97 7.4
0.98 7.4123
0.99 7.42446
1 7.4365
1.01 7.44842
1.02 7.46021
1.03 7.47188
1.04 7.48343
1.05 7.49487
1.06 7.5062
1.07 7.51741
1.08 7.52852
1.09 7.53952
1.1 7.55041
1.11 7.56121
1.12 7.5719
1.13 7.5825
1.14 7.59299
1.15 7.60339
1.16 7.6137
1.17 7.62392
1.18 7.63405
1.19 7.64408
1.2 7.65403
1.21 7.6639
1.22 7.67368
1.23 7.68338
1.24 7.69299
1.25 7.70253
1.26 7.71199
1.27 7.72136
1.28 7.73067
1.29 7.7399
1.3 7.74905
1.31 7.75813
1.32 7.76714
1.33 7.77608
1.34 7.78495
1.35 7.79376
1.36 7.80249
1.37 7.81116
1.38 7.81976
1.39 7.8283
1.4 7.83678
1.41 7.84519
1.42 7.85354
1.43 7.86183
1.44 7.87006
1.45 7.87824
1.46 7.88635
1.47 7.89441
1.48 7.90241
1.49 7.91035
1.5 7.91824
1.51 7.92608
1.52 7.93386
1.53 7.94159
1.54 7.94927
1.55 7.95689
1.56 7.96447
1.57 7.97199
1.58 7.97947
1.59 7.9869
1.6 7.99428
1.61 8.00161
1.62 8.00889
1.63 8.01613
1.64 8.02332
1.65 8.03047
1.66 8.03758
1.67 8.04463
1.68 8.05165
1.69 8.05862
1.7 8.06555
1.71 8.07244
1.72 8.07929
1.73 8.08609
1.74 8.09286
1.75 8.09958
1.76 8.10627
1.77 8.11292
1.78 8.11952
1.79 8.12609
1.8 8.13263
1.81 8.13912
1.82 8.14558
1.83 8.152
1.84 8.15839
1.85 8.16474
1.86 8.17105
1.87 8.17733
1.88 8.18358
1.89 8.18979
1.9 8.19596
1.91 8.20211
1.92 8.20822
1.93 8.2143
1.94 8.22034
1.95 8.22635
1.96 8.23234
1.97 8.23829
1.98 8.24421
1.99 8.2501
2 8.25595
2.01 8.26178
2.02 8.26758
2.03 8.27335
2.04 8.27909
2.05 8.2848
2.06 8.29048
2.07 8.29614
2.08 8.30176
2.09 8.30736
2.1 8.31293
2.11 8.31848
2.12 8.32399
2.13 8.32948
2.14 8.33495
2.15 8.34038
2.16 8.34579
2.17 8.35118
2.18 8.35654
2.19 8.36188
2.2 8.36718
2.21 8.37247
2.22 8.37773
2.23 8.38297
2.24 8.38818
2.25 8.39337
2.26 8.39853
2.27 8.40367
2.28 8.40879
2.29 8.41389
2.3 8.41896
2.31 8.42401
2.32 8.42903
2.33 8.43404
2.34 8.43902
2.35 8.44398
2.36 8.44892
2.37 8.45384
2.38 8.45874
2.39 8.46361
2.4 8.46847
2.41 8.4733
2.42 8.47811
2.43 8.48291
2.44 8.48768
2.45 8.49243
2.46 8.49716
2.47 8.50188
2.48 8.50657
2.49 8.51125
2.5 8.5159
2.51 8.52054
2.52 8.52515
2.53 8.52975
2.54 8.53433
2.55 8.53889
2.56 8.54343
2.57 8.54796
2.58 8.55246
2.59 8.55695
2.6 8.56142
2.61 8.56588
2.62 8.57031
2.63 8.57473
2.64 8.57913
2.65 8.58352
2.66 8.58788
2.67 8.59223
2.68 8.59657
2.69 8.60088
2.7 8.60518
2.71 8.60947
2.72 8.61374
2.73 8.61799
2.74 8.62222
2.75 8.62644
2.76 8.63065
2.77 8.63484
2.78 8.63901
2.79 8.64317
2.8 8.64731
2.81 8.65144
2.82 8.65555
2.83 8.65965
2.84 8.66373
2.85 8.6678
2.86 8.67185
2.87 8.67589
2.88 8.67992
2.89 8.68393
2.9 8.68792
2.91 8.69191
2.92 8.69587
2.93 8.69983
2.94 8.70377
2.95 8.70769
2.96 8.71161
2.97 8.71551
2.98 8.71939
2.99 8.72326
3 8.72712
3.01 8.73097
3.02 8.7348
3.03 8.73862
3.04 8.74243
3.05 8.74622
3.06 8.75001
3.07 8.75377
3.08 8.75753
3.09 8.76128
3.1 8.76501
3.11 8.76873
3.12 8.77243
3.13 8.77613
3.14 8.77981
3.15 8.78348
3.16 8.78714
3.17 8.79079
3.18 8.79442
3.19 8.79805
3.2 8.80166
3.21 8.80526
3.22 8.80885
3.23 8.81242
3.24 8.81599
3.25 8.81955
3.26 8.82309
3.27 8.82662
3.28 8.83014
3.29 8.83365
3.3 8.83715
3.31 8.84064
3.32 8.84412
3.33 8.84759
3.34 8.85104
3.35 8.85449
3.36 8.85793
3.37 8.86135
3.38 8.86477
3.39 8.86817
3.4 8.87157
3.41 8.87495
3.42 8.87832
3.43 8.88169
3.44 8.88504
3.45 8.88838
3.46 8.89172
3.47 8.89504
3.48 8.89836
3.49 8.90166
3.5 8.90496
3.51 8.90824
3.52 8.91152
3.53 8.91478
3.54 8.91804
3.55 8.92129
3.56 8.92452
3.57 8.92775
3.58 8.93097
3.59 8.93418
3.6 8.93738
3.61 8.94057
3.62 8.94376
3.63 8.94693
3.64 8.9501
3.65 8.95325
3.66 8.9564
3.67 8.95954
3.68 8.96267
3.69 8.96579
3.7 8.9689
3.71 8.972
3.72 8.9751
3.73 8.97819
3.74 8.98126
3.75 8.98433
3.76 8.9874
3.77 8.99045
3.78 8.99349
3.79 8.99653
3.8 8.99956
3.81 9.00258
3.82 9.00559
3.83 9.0086
3.84 9.01159
3.85 9.01458
3.86 9.01756
3.87 9.02053
3.88 9.0235
3.89 9.02645
3.9 9.0294
3.91 9.03234
3.92 9.03528
3.93 9.0382
3.94 9.04112
3.95 9.04403
3.96 9.04694
3.97 9.04983
3.98 9.05272
3.99 9.0556
4 9.05848
4.01 9.06134
4.02 9.0642
4.03 9.06705
4.04 9.0699
4.05 9.07273
4.06 9.07556
4.07 9.07839
4.08 9.0812
4.09 9.08401
4.1 9.08681
4.11 9.08961
4.12 9.0924
4.13 9.09518
4.14 9.09795
4.15 9.10072
4.16 9.10348
4.17 9.10623
4.18 9.10898
4.19 9.11172
4.2 9.11445
4.21 9.11718
4.22 9.1199
4.23 9.12261
4.24 9.12532
4.25 9.12802
4.26 9.13072
4.27 9.1334
4.28 9.13608
4.29 9.13876
4.3 9.14143
4.31 9.14409
4.32 9.14675
4.33 9.1494
4.34 9.15204
4.35 9.15468
4.36 9.15731
4.37 9.15993
4.38 9.16255
4.39 9.16516
4.4 9.16777
4.41 9.17037
4.42 9.17296
4.43 9.17555
4.44 9.17814
4.45 9.18071
4.46 9.18328
4.47 9.18585
4.48 9.18841
4.49 9.19096
4.5 9.19351
4.51 9.19605
4.52 9.19858
4.53 9.20111
4.54 9.20364
4.55 9.20616
4.56 9.20867
4.57 9.21118
4.58 9.21368
4.59 9.21617
4.6 9.21867
4.61 9.22115
4.62 9.22363
4.63 9.2261
4.64 9.22857
4.65 9.23104
4.66 9.23349
4.67 9.23595
4.68 9.23839
4.69 9.24084
4.7 9.24327
4.71 9.2457
4.72 9.24813
4.73 9.25055
4.74 9.25297
4.75 9.25538
4.76 9.25778
4.77 9.26018
4.78 9.26258
4.79 9.26496
4.8 9.26735
4.81 9.26973
4.82 9.2721
4.83 9.27447
4.84 9.27684
4.85 9.2792
4.86 9.28155
4.87 9.2839
4.88 9.28625
4.89 9.28859
4.9 9.29092
4.91 9.29325
4.92 9.29558
4.93 9.2979
4.94 9.30021
4.95 9.30252
4.96 9.30483
4.97 9.30713
4.98 9.30943
4.99 9.31172
5 9.314
5.01 9.31629
5.02 9.31857
5.03 9.32084
5.04 9.32311
5.05 9.32537
5.06 9.32763
5.07 9.32989
5.08 9.33214
5.09 9.33438
5.1 9.33662
5.11 9.33886
5.12 9.34109
5.13 9.34332
5.14 9.34554
5.15 9.34776
5.16 9.34998
5.17 9.35219
5.18 9.35439
5.19 9.3566
5.2 9.35879
5.21 9.36099
5.22 9.36317
5.23 9.36536
5.24 9.36754
5.25 9.36972
5.26 9.37189
5.27 9.37405
5.28 9.37622
5.29 9.37838
5.3 9.38053
5.31 9.38268
5.32 9.38483
5.33 9.38697
5.34 9.38911
5.35 9.39125
5.36 9.39338
5.37 9.3955
5.38 9.39762
5.39 9.39974
5.4 9.40186
5.41 9.40397
5.42 9.40607
5.43 9.40818
5.44 9.41027
5.45 9.41237
5.46 9.41446
5.47 9.41655
5.48 9.41863
5.49 9.42071
5.5 9.42278
5.51 9.42485
5.52 9.42692
5.53 9.42898
5.54 9.43104
5.55 9.4331
5.56 9.43515
5.57 9.4372
5.58 9.43924
5.59 9.44129
5.6 9.44332
5.61 9.44536
5.62 9.44739
5.63 9.44941
5.64 9.45143
5.65 9.45345
5.66 9.45547
5.67 9.45748
5.68 9.45949
5.69 9.46149
5.7 9.46349
5.71 9.46549
5.72 9.46748
5.73 9.46947
5.74 9.47146
5.75 9.47344
5.76 9.47542
5.77 9.4774
5.78 9.47937
5.79 9.48134
5.8 9.4833
5.81 9.48527
5.82 9.48723
5.83 9.48918
5.84 9.49113
5.85 9.49308
5.86 9.49503
5.87 9.49697
5.88 9.49891
5.89 9.50084
5.9 9.50277
5.91 9.5047
5.92 9.50662
5.93 9.50855
5.94 9.51046
5.95 9.51238
5.96 9.51429
5.97 9.5162
5.98 9.5181
5.99 9.52001
6 9.52191
6.01 9.5238
6.02 9.52569
6.03 9.52758
6.04 9.52947
6.05 9.53135
6.06 9.53323
6.07 9.53511
6.08 9.53698
6.09 9.53885
6.1 9.54072
6.11 9.54258
6.12 9.54444
6.13 9.5463
6.14 9.54815
6.15 9.55
6.16 9.55185
6.17 9.5537
6.18 9.55554
6.19 9.55738
6.2 9.55922
6.21 9.56105
6.22 9.56288
6.23 9.56471
6.24 9.56653
6.25 9.56835
6.26 9.57017
6.27 9.57198
6.28 9.5738
6.29 9.57561
6.3 9.57741
6.31 9.57922
6.32 9.58102
6.33 9.58281
6.34 9.58461
6.35 9.5864
6.36 9.58819
6.37 9.58998
6.38 9.59176
6.39 9.59354
6.4 9.59532
6.41 9.59709
6.42 9.59887
6.43 9.60063
6.44 9.6024
6.45 9.60416
6.46 9.60593
6.47 9.60768
6.48 9.60944
6.49 9.61119
6.5 9.61294
6.51 9.61469
6.52 9.61643
6.53 9.61817
6.54 9.61991
6.55 9.62165
6.56 9.62338
6.57 9.62511
6.58 9.62684
6.59 9.62857
6.6 9.63029
6.61 9.63201
6.62 9.63373
6.63 9.63544
6.64 9.63715
6.65 9.63886
6.66 9.64057
6.67 9.64227
6.68 9.64398
6.69 9.64568
6.7 9.64737
6.71 9.64907
6.72 9.65076
6.73 9.65245
6.74 9.65413
6.75 9.65582
6.76 9.6575
6.77 9.65918
6.78 9.66085
6.79 9.66253
6.8 9.6642
6.81 9.66587
6.82 9.66753
6.83 9.6692
6.84 9.67086
6.85 9.67252
6.86 9.67417
6.87 9.67583
6.88 9.67748
6.89 9.67913
6.9 9.68077
6.91 9.68242
6.92 9.68406
6.93 9.6857
6.94 9.68733
6.95 9.68897
6.96 9.6906
6.97 9.69223
6.98 9.69386
6.99 9.69548
7 9.6971
7.01 9.69872
7.02 9.70034
7.03 9.70196
7.04 9.70357
7.05 9.70518
7.06 9.70679
7.07 9.70839
7.08 9.71
7.09 9.7116
7.1 9.7132
7.11 9.7148
7.12 9.71639
7.13 9.71798
7.14 9.71957
7.15 9.72116
7.16 9.72275
7.17 9.72433
7.18 9.72591
7.19 9.72749
7.2 9.72907
7.21 9.73064
7.22 9.73221
7.23 9.73378
7.24 9.73535
7.25 9.73692
7.26 9.73848
7.27 9.74004
7.28 9.7416
7.29 9.74316
7.3 9.74471
7.31 9.74626
7.32 9.74781
7.33 9.74936
7.34 9.75091
7.35 9.75245
7.36 9.75399
7.37 9.75553
7.38 9.75707
7.39 9.7586
7.4 9.76014
7.41 9.76167
7.42 9.7632
7.43 9.76472
7.44 9.76625
7.45 9.76777
7.46 9.76929
7.47 9.77081
7.48 9.77233
7.49 9.77384
7.5 9.77535
7.51 9.77686
7.52 9.77837
7.53 9.77988
7.54 9.78138
7.55 9.78288
7.56 9.78438
7.57 9.78588
7.58 9.78738
7.59 9.78887
7.6 9.79036
7.61 9.79185
7.62 9.79334
7.63 9.79483
7.64 9.79631
7.65 9.79779
7.66 9.79927
7.67 9.80075
7.68 9.80223
7.69 9.8037
7.7 9.80517
7.71 9.80665
7.72 9.80811
7.73 9.80958
7.74 9.81104
7.75 9.81251
7.76 9.81397
7.77 9.81543
7.78 9.81688
7.79 9.81834
7.8 9.81979
7.81 9.82124
7.82 9.82269
7.83 9.82414
7.84 9.82558
7.85 9.82703
7.86 9.82847
7.87 9.82991
7.88 9.83135
7.89 9.83278
7.9 9.83422
7.91 9.83565
7.92 9.83708
7.93 9.83851
7.94 9.83994
7.95 9.84136
7.96 9.84279
7.97 9.84421
7.98 9.84563
7.99 9.84705
8 9.84846
8.01 9.84988
8.02 9.85129
8.03 9.8527
8.04 9.85411
8.05 9.85551
8.06 9.85692
8.07 9.85832
8.08 9.85973
8.09 9.86113
8.1 9.86252
8.11 9.86392
8.12 9.86531
8.13 9.86671
8.14 9.8681
8.15 9.86949
8.16 9.87088
8.17 9.87226
8.18 9.87365
8.19 9.87503
8.2 9.87641
8.21 9.87779
8.22 9.87917
8.23 9.88054
8.24 9.88192
8.25 9.88329
8.26 9.88466
8.27 9.88603
8.28 9.8874
8.29 9.88876
8.3 9.89013
8.31 9.89149
8.32 9.89285
8.33 9.89421
8.34 9.89556
8.35 9.89692
8.36 9.89827
8.37 9.89963
8.38 9.90098
8.39 9.90233
8.4 9.90367
8.41 9.90502
8.42 9.90636
8.43 9.90771
8.44 9.90905
8.45 9.91039
8.46 9.91172
8.47 9.91306
8.48 9.9144
8.49 9.91573
8.5 9.91706
8.51 9.91839
8.52 9.91972
8.53 9.92104
8.54 9.92237
8.55 9.92369
8.56 9.92501
8.57 9.92633
8.58 9.92765
8.59 9.92897
8.6 9.93029
8.61 9.9316
8.62 9.93291
8.63 9.93422
8.64 9.93553
8.65 9.93684
8.66 9.93815
8.67 9.93945
8.68 9.94075
8.69 9.94206
8.7 9.94336
8.71 9.94465
8.72 9.94595
8.73 9.94725
8.74 9.94854
8.75 9.94983
8.76 9.95112
8.77 9.95241
8.78 9.9537
8.79 9.95499
8.8 9.95627
8.81 9.95756
8.82 9.95884
8.83 9.96012
8.84 9.9614
8.85 9.96268
8.86 9.96395
8.87 9.96523
8.88 9.9665
8.89 9.96777
8.9 9.96904
8.91 9.97031
8.92 9.97158
8.93 9.97285
8.94 9.97411
8.95 9.97537
8.96 9.97664
8.97 9.9779
8.98 9.97916
8.99 9.98041
9 9.98167
9.01 9.98292
9.02 9.98418
9.03 9.98543
9.04 9.98668
9.05 9.98793
9.06 9.98918
9.07 9.99042
9.08 9.99167
9.09 9.99291
9.1 9.99415
9.11 9.99539
9.12 9.99663
9.13 9.99787
9.14 9.99911
9.15 10.0003
9.16 10.0016
9.17 10.0028
9.18 10.004
9.19 10.0053
9.2 10.0065
9.21 10.0077
9.22 10.0089
9.23 10.0102
9.24 10.0114
9.25 10.0126
9.26 10.0138
9.27 10.0151
9.28 10.0163
9.29 10.0175
9.3 10.0187
9.31 10.0199
9.32 10.0211
9.33 10.0223
9.34 10.0236
9.35 10.0248
9.36 10.026
9.37 10.0272
9.38 10.0284
9.39 10.0296
9.4 10.0308
9.41 10.032
9.42 10.0332
9.43 10.0344
9.44 10.0356
9.45 10.0368
9.46 10.038
9.47 10.0392
9.48 10.0403
9.49 10.0415
9.5 10.0427
9.51 10.0439
9.52 10.0451
9.53 10.0463
9.54 10.0475
9.55 10.0487
9.56 10.0498
9.57 10.051
9.58 10.0522
9.59 10.0534
9.6 10.0545
9.61 10.0557
9.62 10.0569
9.63 10.0581
9.64 10.0592
9.65 10.0604
9.66 10.0616
9.67 10.0627
9.68 10.0639
9.69 10.0651
9.7 10.0662
9.71 10.0674
9.72 10.0686
9.73 10.0697
9.74 10.0709
9.75 10.072
9.76 10.0732
9.77 10.0744
9.78 10.0755
9.79 10.0767
9.8 10.0778
9.81 10.079
9.82 10.0801
9.83 10.0813
9.84 10.0824
9.85 10.0836
9.86 10.0847
9.87 10.0858
9.88 10.087
9.89 10.0881
9.9 10.0893
9.91 10.0904
9.92 10.0915
9.93 10.0927
9.94 10.0938
9.95 10.0949
9.96 10.0961
9.97 10.0972
9.98 10.0983
9.99 10.0995
10 10.1006

