0 1
0.01 1.03045
0.02 1.06184
0.03 1.09417
0.04 1.1275
0.05 1.16183
0.06 1.19722
0.07 1.23368
0.08 1.27125
0.09 1.30996
0.1 1.34986
0.11 1.39097
0.12 1.43333
0.13 1.47698
0.14 1.52196
0.15 1.56831
0.16 1.61607
0.17 1.66529
0.18 1.71601
0.19 1.76827
0.2 1.82212
0.21 1.87761
0.22 1.93479
0.23 1.99372
0.24 2.05443
0.25 2.117
0.26 2.18147
0.27 2.24791
0.28 2.31637
0.29 2.38691
0.3 2.4596
0.31 2.53451
0.32 2.6117
0.33 2.69123
0.34 2.77319
0.35 2.85765
0.36 2.94468
0.37 3.03436
0.38 3.12677
0.39 3.22199
0.4 3.32012
0.41 3.42123
0.42 3.52542
0.43 3.63279
0.44 3.74342
0.45 3.85743
0.46 3.9749
0.47 4.09596
0.48 4.2207
0.49 4.34924
0.5 4.48169
0.51 4.61818
0.52 4.75882
0.53 4.90375
0.54 5.05309
0.55 5.20698
0.56 5.36556
0.57 5.52896
0.58 5.69734
0.59 5.87085
0.6 6.04965
0.61 6.23389
0.62 6.42374
0.63 6.61937
0.64 6.82096
0.65 7.02869
0.66 7.24274
0.67 7.46332
0.68 7.69061
0.69 7.92482
0.7 8.16617
0.71 8.41487
0.72 8.67114
0.73 8.93521
0.74 9.20733
0.75 9.48774
0.76 9.77668
0.77 10.0744
0.78 10.3812
0.79 10.6974
0.8 11.0232
0.81 11.3589
0.82 11.7048
0.83 12.0613
0.84 12.4286
0.85 12.8071
0.86 13.1971
0.87 13.5991
0.88 14.0132
0.89 14.44
0.9 14.8797
0.91 15.3329
0.92 15.7998
0.93 16.281
0.94 16.7769
0.95 17.2878
0.96 17.8143
0.97 18.3568
0.98 18.9158
0.99 19.4919
1 20.0855

